937
913
113
40
605
120
408
25
645
40
827
11
564
791
848
138
658
985
619
754
309
255
680
994
585
196
926
892
115
146
54
335
39
3
178
610
239
623
692
517
798
116
319
535
100
575
431
295
394
268
58
723
121
446
301
644
260
14
159
989
204
978
894
883
633
478
985
932
30
274
462
48
665
581
443
542
124
331
589
338
161
595
83
756
526
752
172
927
711
697
748
871
226
886
552
999
43
580
291
9
748
806
91
918
398
931
214
124
1
381
989
6
599
427
927
834
716
102
994
819
957
741
69
594
657
972
898
270
231
181
696
part 1 534060
