T6782 898 [0, 0, 0, 0, 0, 0, 0, 0, 1, 1, 1, 1, 1]
26T7A 345 [0, 0, 0, 0, 0, 0, 0, 0, 1, 1, 1, 1, 1]
56856 92 [0, 0, 0, 0, 0, 0, 0, 0, 0, 0, 1, 2, 2]
88J88 379 [0, 0, 0, 0, 0, 0, 0, 0, 0, 0, 0, 0, 5]
8QQJ8 792 [0, 0, 0, 0, 0, 0, 0, 0, 0, 0, 0, 2, 3]
QQQT8 607 [0, 0, 0, 0, 0, 0, 0, 0, 0, 0, 1, 1, 3]
98998 912 [0, 0, 0, 0, 0, 0, 0, 0, 0, 0, 0, 2, 3]
888T7 491 [0, 0, 0, 0, 0, 0, 0, 0, 0, 0, 1, 1, 3]
7A6Q9 220 [0, 0, 0, 0, 0, 0, 0, 0, 1, 1, 1, 1, 1]
6QJ23 746 [0, 0, 0, 0, 0, 0, 0, 0, 0, 1, 1, 1, 2]
T5297 133 [0, 0, 0, 0, 0, 0, 0, 0, 1, 1, 1, 1, 1]
44874 357 [0, 0, 0, 0, 0, 0, 0, 0, 0, 0, 1, 1, 3]
84854 864 [0, 0, 0, 0, 0, 0, 0, 0, 0, 0, 1, 2, 2]
8JQQ2 383 [0, 0, 0, 0, 0, 0, 0, 0, 0, 0, 1, 1, 3]
J2KT2 649 [0, 0, 0, 0, 0, 0, 0, 0, 0, 0, 1, 1, 3]
84488 234 [0, 0, 0, 0, 0, 0, 0, 0, 0, 0, 0, 2, 3]
JQ4QT 534 [0, 0, 0, 0, 0, 0, 0, 0, 0, 0, 1, 1, 3]
JJAAA 855 [0, 0, 0, 0, 0, 0, 0, 0, 0, 0, 0, 0, 5]
8J49Q 458 [0, 0, 0, 0, 0, 0, 0, 0, 0, 1, 1, 1, 2]
5QK4A 474 [0, 0, 0, 0, 0, 0, 0, 0, 1, 1, 1, 1, 1]
5535T 504 [0, 0, 0, 0, 0, 0, 0, 0, 0, 0, 1, 1, 3]
T3785 237 [0, 0, 0, 0, 0, 0, 0, 0, 1, 1, 1, 1, 1]
28J88 315 [0, 0, 0, 0, 0, 0, 0, 0, 0, 0, 0, 1, 4]
4544A 680 [0, 0, 0, 0, 0, 0, 0, 0, 0, 0, 1, 1, 3]
7T773 731 [0, 0, 0, 0, 0, 0, 0, 0, 0, 0, 1, 1, 3]
KJKKK 190 [0, 0, 0, 0, 0, 0, 0, 0, 0, 0, 0, 0, 5]
5Q5QK 249 [0, 0, 0, 0, 0, 0, 0, 0, 0, 0, 1, 2, 2]
6664T 747 [0, 0, 0, 0, 0, 0, 0, 0, 0, 0, 1, 1, 3]
QTQQT 164 [0, 0, 0, 0, 0, 0, 0, 0, 0, 0, 0, 2, 3]
ATTAA 290 [0, 0, 0, 0, 0, 0, 0, 0, 0, 0, 0, 2, 3]
95752 486 [0, 0, 0, 0, 0, 0, 0, 0, 0, 1, 1, 1, 2]
J3JAA 324 [0, 0, 0, 0, 0, 0, 0, 0, 0, 0, 0, 1, 4]
K9K9J 204 [0, 0, 0, 0, 0, 0, 0, 0, 0, 0, 0, 2, 3]
99959 867 [0, 0, 0, 0, 0, 0, 0, 0, 0, 0, 0, 1, 4]
K4KKK 980 [0, 0, 0, 0, 0, 0, 0, 0, 0, 0, 0, 1, 4]
A937J 37 [0, 0, 0, 0, 0, 0, 0, 0, 0, 1, 1, 1, 2]
654A9 700 [0, 0, 0, 0, 0, 0, 0, 0, 1, 1, 1, 1, 1]
7553K 352 [0, 0, 0, 0, 0, 0, 0, 0, 0, 1, 1, 1, 2]
8333K 361 [0, 0, 0, 0, 0, 0, 0, 0, 0, 0, 1, 1, 3]
ATJT8 771 [0, 0, 0, 0, 0, 0, 0, 0, 0, 0, 1, 1, 3]
26226 940 [0, 0, 0, 0, 0, 0, 0, 0, 0, 0, 0, 2, 3]
TTJ7Q 834 [0, 0, 0, 0, 0, 0, 0, 0, 0, 0, 1, 1, 3]
QQ33J 117 [0, 0, 0, 0, 0, 0, 0, 0, 0, 0, 0, 2, 3]
62J57 890 [0, 0, 0, 0, 0, 0, 0, 0, 0, 1, 1, 1, 2]
J3A4A 124 [0, 0, 0, 0, 0, 0, 0, 0, 0, 0, 1, 1, 3]
T4JT4 677 [0, 0, 0, 0, 0, 0, 0, 0, 0, 0, 0, 2, 3]
93528 31 [0, 0, 0, 0, 0, 0, 0, 0, 1, 1, 1, 1, 1]
TJA2J 509 [0, 0, 0, 0, 0, 0, 0, 0, 0, 0, 1, 1, 3]
Q222A 126 [0, 0, 0, 0, 0, 0, 0, 0, 0, 0, 1, 1, 3]
52T67 177 [0, 0, 0, 0, 0, 0, 0, 0, 1, 1, 1, 1, 1]
3J9TT 629 [0, 0, 0, 0, 0, 0, 0, 0, 0, 0, 1, 1, 3]
33QQ3 471 [0, 0, 0, 0, 0, 0, 0, 0, 0, 0, 0, 2, 3]
22232 9 [0, 0, 0, 0, 0, 0, 0, 0, 0, 0, 0, 1, 4]
82279 283 [0, 0, 0, 0, 0, 0, 0, 0, 0, 1, 1, 1, 2]
3A3AJ 583 [0, 0, 0, 0, 0, 0, 0, 0, 0, 0, 0, 2, 3]
7343T 829 [0, 0, 0, 0, 0, 0, 0, 0, 0, 1, 1, 1, 2]
93338 836 [0, 0, 0, 0, 0, 0, 0, 0, 0, 0, 1, 1, 3]
T588Q 70 [0, 0, 0, 0, 0, 0, 0, 0, 0, 1, 1, 1, 2]
88K85 593 [0, 0, 0, 0, 0, 0, 0, 0, 0, 0, 1, 1, 3]
55353 926 [0, 0, 0, 0, 0, 0, 0, 0, 0, 0, 0, 2, 3]
Q3749 295 [0, 0, 0, 0, 0, 0, 0, 0, 1, 1, 1, 1, 1]
T6JAK 586 [0, 0, 0, 0, 0, 0, 0, 0, 0, 1, 1, 1, 2]
9AA3J 183 [0, 0, 0, 0, 0, 0, 0, 0, 0, 0, 1, 1, 3]
55565 342 [0, 0, 0, 0, 0, 0, 0, 0, 0, 0, 0, 1, 4]
8K4Q8 910 [0, 0, 0, 0, 0, 0, 0, 0, 0, 1, 1, 1, 2]
AA4A4 907 [0, 0, 0, 0, 0, 0, 0, 0, 0, 0, 0, 2, 3]
78T2A 112 [0, 0, 0, 0, 0, 0, 0, 0, 1, 1, 1, 1, 1]
4J66K 263 [0, 0, 0, 0, 0, 0, 0, 0, 0, 0, 1, 1, 3]
TKJTT 386 [0, 0, 0, 0, 0, 0, 0, 0, 0, 0, 0, 1, 4]
66Q6Q 131 [0, 0, 0, 0, 0, 0, 0, 0, 0, 0, 0, 2, 3]
26266 187 [0, 0, 0, 0, 0, 0, 0, 0, 0, 0, 0, 2, 3]
23AQ3 600 [0, 0, 0, 0, 0, 0, 0, 0, 0, 1, 1, 1, 2]
95K3Q 279 [0, 0, 0, 0, 0, 0, 0, 0, 1, 1, 1, 1, 1]
32522 684 [0, 0, 0, 0, 0, 0, 0, 0, 0, 0, 1, 1, 3]
8Q8Q7 62 [0, 0, 0, 0, 0, 0, 0, 0, 0, 0, 1, 2, 2]
KKAKK 579 [0, 0, 0, 0, 0, 0, 0, 0, 0, 0, 0, 1, 4]
QJ885 899 [0, 0, 0, 0, 0, 0, 0, 0, 0, 0, 1, 1, 3]
66J2K 396 [0, 0, 0, 0, 0, 0, 0, 0, 0, 0, 1, 1, 3]
555J5 592 [0, 0, 0, 0, 0, 0, 0, 0, 0, 0, 0, 0, 5]
88TJ6 767 [0, 0, 0, 0, 0, 0, 0, 0, 0, 0, 1, 1, 3]
352K2 94 [0, 0, 0, 0, 0, 0, 0, 0, 0, 1, 1, 1, 2]
J6488 634 [0, 0, 0, 0, 0, 0, 0, 0, 0, 0, 1, 1, 3]
5A32J 943 [0, 0, 0, 0, 0, 0, 0, 0, 0, 1, 1, 1, 2]
AAAKA 673 [0, 0, 0, 0, 0, 0, 0, 0, 0, 0, 0, 1, 4]
J8AAA 667 [0, 0, 0, 0, 0, 0, 0, 0, 0, 0, 0, 1, 4]
2K5JK 768 [0, 0, 0, 0, 0, 0, 0, 0, 0, 0, 1, 1, 3]
Q4578 294 [0, 0, 0, 0, 0, 0, 0, 0, 1, 1, 1, 1, 1]
4447K 227 [0, 0, 0, 0, 0, 0, 0, 0, 0, 0, 1, 1, 3]
QQQQ7 808 [0, 0, 0, 0, 0, 0, 0, 0, 0, 0, 0, 1, 4]
JJ333 176 [0, 0, 0, 0, 0, 0, 0, 0, 0, 0, 0, 0, 5]
49586 515 [0, 0, 0, 0, 0, 0, 0, 0, 1, 1, 1, 1, 1]
622T7 622 [0, 0, 0, 0, 0, 0, 0, 0, 0, 1, 1, 1, 2]
94359 140 [0, 0, 0, 0, 0, 0, 0, 0, 0, 1, 1, 1, 2]
8QJ2A 239 [0, 0, 0, 0, 0, 0, 0, 0, 0, 1, 1, 1, 2]
Q69JT 939 [0, 0, 0, 0, 0, 0, 0, 0, 0, 1, 1, 1, 2]
A75T9 425 [0, 0, 0, 0, 0, 0, 0, 0, 1, 1, 1, 1, 1]
JKA93 887 [0, 0, 0, 0, 0, 0, 0, 0, 0, 1, 1, 1, 2]
AA7AA 157 [0, 0, 0, 0, 0, 0, 0, 0, 0, 0, 0, 1, 4]
TTTJ5 122 [0, 0, 0, 0, 0, 0, 0, 0, 0, 0, 0, 1, 4]
J2J3J 118 [0, 0, 0, 0, 0, 0, 0, 0, 0, 0, 0, 1, 4]
3J333 681 [0, 0, 0, 0, 0, 0, 0, 0, 0, 0, 0, 0, 5]
3769A 429 [0, 0, 0, 0, 0, 0, 0, 0, 1, 1, 1, 1, 1]
A2K92 123 [0, 0, 0, 0, 0, 0, 0, 0, 0, 1, 1, 1, 2]
53Q8K 257 [0, 0, 0, 0, 0, 0, 0, 0, 1, 1, 1, 1, 1]
A83K4 905 [0, 0, 0, 0, 0, 0, 0, 0, 1, 1, 1, 1, 1]
2935K 543 [0, 0, 0, 0, 0, 0, 0, 0, 1, 1, 1, 1, 1]
66466 421 [0, 0, 0, 0, 0, 0, 0, 0, 0, 0, 0, 1, 4]
34394 963 [0, 0, 0, 0, 0, 0, 0, 0, 0, 0, 1, 2, 2]
QQ433 520 [0, 0, 0, 0, 0, 0, 0, 0, 0, 0, 1, 2, 2]
KTKKK 83 [0, 0, 0, 0, 0, 0, 0, 0, 0, 0, 0, 1, 4]
66677 346 [0, 0, 0, 0, 0, 0, 0, 0, 0, 0, 0, 2, 3]
Q83JQ 334 [0, 0, 0, 0, 0, 0, 0, 0, 0, 0, 1, 1, 3]
6AT54 79 [0, 0, 0, 0, 0, 0, 0, 0, 1, 1, 1, 1, 1]
K4949 442 [0, 0, 0, 0, 0, 0, 0, 0, 0, 0, 1, 2, 2]
37374 627 [0, 0, 0, 0, 0, 0, 0, 0, 0, 0, 1, 2, 2]
73777 571 [0, 0, 0, 0, 0, 0, 0, 0, 0, 0, 0, 1, 4]
JQKKJ 648 [0, 0, 0, 0, 0, 0, 0, 0, 0, 0, 0, 1, 4]
42242 226 [0, 0, 0, 0, 0, 0, 0, 0, 0, 0, 0, 2, 3]
KK888 319 [0, 0, 0, 0, 0, 0, 0, 0, 0, 0, 0, 2, 3]
5K6Q2 971 [0, 0, 0, 0, 0, 0, 0, 0, 1, 1, 1, 1, 1]
AA3JA 51 [0, 0, 0, 0, 0, 0, 0, 0, 0, 0, 0, 1, 4]
4AK87 78 [0, 0, 0, 0, 0, 0, 0, 0, 1, 1, 1, 1, 1]
3J343 840 [0, 0, 0, 0, 0, 0, 0, 0, 0, 0, 0, 1, 4]
K3333 25 [0, 0, 0, 0, 0, 0, 0, 0, 0, 0, 0, 1, 4]
33484 401 [0, 0, 0, 0, 0, 0, 0, 0, 0, 0, 1, 2, 2]
9J866 565 [0, 0, 0, 0, 0, 0, 0, 0, 0, 0, 1, 1, 3]
Q399Q 116 [0, 0, 0, 0, 0, 0, 0, 0, 0, 0, 1, 2, 2]
2K597 742 [0, 0, 0, 0, 0, 0, 0, 0, 1, 1, 1, 1, 1]
66A53 793 [0, 0, 0, 0, 0, 0, 0, 0, 0, 1, 1, 1, 2]
AQQAQ 779 [0, 0, 0, 0, 0, 0, 0, 0, 0, 0, 0, 2, 3]
Q3QJJ 470 [0, 0, 0, 0, 0, 0, 0, 0, 0, 0, 0, 1, 4]
75496 4 [0, 0, 0, 0, 0, 0, 0, 0, 1, 1, 1, 1, 1]
8JJT3 775 [0, 0, 0, 0, 0, 0, 0, 0, 0, 0, 1, 1, 3]
99JKJ 437 [0, 0, 0, 0, 0, 0, 0, 0, 0, 0, 0, 1, 4]
22J9J 60 [0, 0, 0, 0, 0, 0, 0, 0, 0, 0, 0, 1, 4]
39AAT 424 [0, 0, 0, 0, 0, 0, 0, 0, 0, 1, 1, 1, 2]
3J43J 507 [0, 0, 0, 0, 0, 0, 0, 0, 0, 0, 0, 1, 4]
33TJ9 414 [0, 0, 0, 0, 0, 0, 0, 0, 0, 0, 1, 1, 3]
99395 209 [0, 0, 0, 0, 0, 0, 0, 0, 0, 0, 1, 1, 3]
A984Q 821 [0, 0, 0, 0, 0, 0, 0, 0, 1, 1, 1, 1, 1]
A88J8 757 [0, 0, 0, 0, 0, 0, 0, 0, 0, 0, 0, 1, 4]
T3A68 432 [0, 0, 0, 0, 0, 0, 0, 0, 1, 1, 1, 1, 1]
36666 646 [0, 0, 0, 0, 0, 0, 0, 0, 0, 0, 0, 1, 4]
KKKAA 175 [0, 0, 0, 0, 0, 0, 0, 0, 0, 0, 0, 2, 3]
K9TTK 392 [0, 0, 0, 0, 0, 0, 0, 0, 0, 0, 1, 2, 2]
33KK5 308 [0, 0, 0, 0, 0, 0, 0, 0, 0, 0, 1, 2, 2]
KK4K4 675 [0, 0, 0, 0, 0, 0, 0, 0, 0, 0, 0, 2, 3]
64443 370 [0, 0, 0, 0, 0, 0, 0, 0, 0, 0, 1, 1, 3]
TQJ9Q 645 [0, 0, 0, 0, 0, 0, 0, 0, 0, 0, 1, 1, 3]
QT999 669 [0, 0, 0, 0, 0, 0, 0, 0, 0, 0, 1, 1, 3]
J5T88 789 [0, 0, 0, 0, 0, 0, 0, 0, 0, 0, 1, 1, 3]
89TJ4 245 [0, 0, 0, 0, 0, 0, 0, 0, 0, 1, 1, 1, 2]
T436T 605 [0, 0, 0, 0, 0, 0, 0, 0, 0, 1, 1, 1, 2]
6T464 36 [0, 0, 0, 0, 0, 0, 0, 0, 0, 0, 1, 2, 2]
JQQ3Q 11 [0, 0, 0, 0, 0, 0, 0, 0, 0, 0, 0, 1, 4]
68666 423 [0, 0, 0, 0, 0, 0, 0, 0, 0, 0, 0, 1, 4]
KKJKT 785 [0, 0, 0, 0, 0, 0, 0, 0, 0, 0, 0, 1, 4]
T4K3A 847 [0, 0, 0, 0, 0, 0, 0, 0, 1, 1, 1, 1, 1]
6T6JT 915 [0, 0, 0, 0, 0, 0, 0, 0, 0, 0, 0, 2, 3]
8Q756 163 [0, 0, 0, 0, 0, 0, 0, 0, 1, 1, 1, 1, 1]
9AAA2 343 [0, 0, 0, 0, 0, 0, 0, 0, 0, 0, 1, 1, 3]
9AJK8 556 [0, 0, 0, 0, 0, 0, 0, 0, 0, 1, 1, 1, 2]
3JJ69 154 [0, 0, 0, 0, 0, 0, 0, 0, 0, 0, 1, 1, 3]
7K7K3 316 [0, 0, 0, 0, 0, 0, 0, 0, 0, 0, 1, 2, 2]
6737Q 641 [0, 0, 0, 0, 0, 0, 0, 0, 0, 1, 1, 1, 2]
88J7J 975 [0, 0, 0, 0, 0, 0, 0, 0, 0, 0, 0, 1, 4]
5J445 270 [0, 0, 0, 0, 0, 0, 0, 0, 0, 0, 0, 2, 3]
KATJT 659 [0, 0, 0, 0, 0, 0, 0, 0, 0, 0, 1, 1, 3]
6J866 717 [0, 0, 0, 0, 0, 0, 0, 0, 0, 0, 0, 1, 4]
989T9 529 [0, 0, 0, 0, 0, 0, 0, 0, 0, 0, 1, 1, 3]
2897K 321 [0, 0, 0, 0, 0, 0, 0, 0, 1, 1, 1, 1, 1]
4A2T5 984 [0, 0, 0, 0, 0, 0, 0, 0, 1, 1, 1, 1, 1]
7AA99 485 [0, 0, 0, 0, 0, 0, 0, 0, 0, 0, 1, 2, 2]
JK222 397 [0, 0, 0, 0, 0, 0, 0, 0, 0, 0, 0, 1, 4]
75468 282 [0, 0, 0, 0, 0, 0, 0, 0, 1, 1, 1, 1, 1]
QT3J3 91 [0, 0, 0, 0, 0, 0, 0, 0, 0, 0, 1, 1, 3]
3K777 532 [0, 0, 0, 0, 0, 0, 0, 0, 0, 0, 1, 1, 3]
6Q566 460 [0, 0, 0, 0, 0, 0, 0, 0, 0, 0, 1, 1, 3]
2KK75 339 [0, 0, 0, 0, 0, 0, 0, 0, 0, 1, 1, 1, 2]
55258 766 [0, 0, 0, 0, 0, 0, 0, 0, 0, 0, 1, 1, 3]
88558 46 [0, 0, 0, 0, 0, 0, 0, 0, 0, 0, 0, 2, 3]
34J34 419 [0, 0, 0, 0, 0, 0, 0, 0, 0, 0, 0, 2, 3]
T42A8 624 [0, 0, 0, 0, 0, 0, 0, 0, 1, 1, 1, 1, 1]
6JA9K 950 [0, 0, 0, 0, 0, 0, 0, 0, 0, 1, 1, 1, 2]
A8646 135 [0, 0, 0, 0, 0, 0, 0, 0, 0, 1, 1, 1, 2]
66696 66 [0, 0, 0, 0, 0, 0, 0, 0, 0, 0, 0, 1, 4]
37Q7Q 612 [0, 0, 0, 0, 0, 0, 0, 0, 0, 0, 1, 2, 2]
KJAK6 753 [0, 0, 0, 0, 0, 0, 0, 0, 0, 0, 1, 1, 3]
94999 306 [0, 0, 0, 0, 0, 0, 0, 0, 0, 0, 0, 1, 4]
2JJJJ 765 [0, 0, 0, 0, 0, 0, 0, 0, 0, 0, 0, 0, 5]
6JQ3A 459 [0, 0, 0, 0, 0, 0, 0, 0, 0, 1, 1, 1, 2]
K8693 871 [0, 0, 0, 0, 0, 0, 0, 0, 1, 1, 1, 1, 1]
477K7 26 [0, 0, 0, 0, 0, 0, 0, 0, 0, 0, 1, 1, 3]
4T6T8 544 [0, 0, 0, 0, 0, 0, 0, 0, 0, 1, 1, 1, 2]
44JK4 720 [0, 0, 0, 0, 0, 0, 0, 0, 0, 0, 0, 1, 4]
5K5K9 372 [0, 0, 0, 0, 0, 0, 0, 0, 0, 0, 1, 2, 2]
KQ66Q 590 [0, 0, 0, 0, 0, 0, 0, 0, 0, 0, 1, 2, 2]
8A294 57 [0, 0, 0, 0, 0, 0, 0, 0, 1, 1, 1, 1, 1]
JJJJJ 440 [0, 0, 0, 0, 0, 0, 0, 0, 0, 0, 0, 0, 5]
88878 18 [0, 0, 0, 0, 0, 0, 0, 0, 0, 0, 0, 1, 4]
J9649 389 [0, 0, 0, 0, 0, 0, 0, 0, 0, 0, 1, 1, 3]
77677 698 [0, 0, 0, 0, 0, 0, 0, 0, 0, 0, 0, 1, 4]
9K69J 145 [0, 0, 0, 0, 0, 0, 0, 0, 0, 0, 1, 1, 3]
2QT2K 75 [0, 0, 0, 0, 0, 0, 0, 0, 0, 1, 1, 1, 2]
77577 22 [0, 0, 0, 0, 0, 0, 0, 0, 0, 0, 0, 1, 4]
AQ4KA 422 [0, 0, 0, 0, 0, 0, 0, 0, 0, 1, 1, 1, 2]
97477 332 [0, 0, 0, 0, 0, 0, 0, 0, 0, 0, 1, 1, 3]
33933 882 [0, 0, 0, 0, 0, 0, 0, 0, 0, 0, 0, 1, 4]
63646 293 [0, 0, 0, 0, 0, 0, 0, 0, 0, 0, 1, 1, 3]
53A3A 763 [0, 0, 0, 0, 0, 0, 0, 0, 0, 0, 1, 2, 2]
4K93K 928 [0, 0, 0, 0, 0, 0, 0, 0, 0, 1, 1, 1, 2]
KKK37 994 [0, 0, 0, 0, 0, 0, 0, 0, 0, 0, 1, 1, 3]
TA259 173 [0, 0, 0, 0, 0, 0, 0, 0, 1, 1, 1, 1, 1]
K896A 93 [0, 0, 0, 0, 0, 0, 0, 0, 1, 1, 1, 1, 1]
6Q666 438 [0, 0, 0, 0, 0, 0, 0, 0, 0, 0, 0, 1, 4]
J8477 674 [0, 0, 0, 0, 0, 0, 0, 0, 0, 0, 1, 1, 3]
AJAQQ 531 [0, 0, 0, 0, 0, 0, 0, 0, 0, 0, 0, 2, 3]
2JJ2J 726 [0, 0, 0, 0, 0, 0, 0, 0, 0, 0, 0, 0, 5]
5KJT5 672 [0, 0, 0, 0, 0, 0, 0, 0, 0, 0, 1, 1, 3]
A58A2 481 [0, 0, 0, 0, 0, 0, 0, 0, 0, 1, 1, 1, 2]
JJAJT 754 [0, 0, 0, 0, 0, 0, 0, 0, 0, 0, 0, 1, 4]
96444 179 [0, 0, 0, 0, 0, 0, 0, 0, 0, 0, 1, 1, 3]
687A5 528 [0, 0, 0, 0, 0, 0, 0, 0, 1, 1, 1, 1, 1]
TA48J 618 [0, 0, 0, 0, 0, 0, 0, 0, 0, 1, 1, 1, 2]
7Q7Q7 537 [0, 0, 0, 0, 0, 0, 0, 0, 0, 0, 0, 2, 3]
T4A44 23 [0, 0, 0, 0, 0, 0, 0, 0, 0, 0, 1, 1, 3]
473Q6 988 [0, 0, 0, 0, 0, 0, 0, 0, 1, 1, 1, 1, 1]
KQ467 64 [0, 0, 0, 0, 0, 0, 0, 0, 1, 1, 1, 1, 1]
5T555 938 [0, 0, 0, 0, 0, 0, 0, 0, 0, 0, 0, 1, 4]
67T33 444 [0, 0, 0, 0, 0, 0, 0, 0, 0, 1, 1, 1, 2]
KAK99 591 [0, 0, 0, 0, 0, 0, 0, 0, 0, 0, 1, 2, 2]
A6K78 160 [0, 0, 0, 0, 0, 0, 0, 0, 1, 1, 1, 1, 1]
23Q7A 878 [0, 0, 0, 0, 0, 0, 0, 0, 1, 1, 1, 1, 1]
TA5AT 292 [0, 0, 0, 0, 0, 0, 0, 0, 0, 0, 1, 2, 2]
2T6Q5 559 [0, 0, 0, 0, 0, 0, 0, 0, 1, 1, 1, 1, 1]
77979 222 [0, 0, 0, 0, 0, 0, 0, 0, 0, 0, 0, 2, 3]
9AAJA 284 [0, 0, 0, 0, 0, 0, 0, 0, 0, 0, 0, 1, 4]
TK47T 166 [0, 0, 0, 0, 0, 0, 0, 0, 0, 1, 1, 1, 2]
694T2 679 [0, 0, 0, 0, 0, 0, 0, 0, 1, 1, 1, 1, 1]
AAA23 838 [0, 0, 0, 0, 0, 0, 0, 0, 0, 0, 1, 1, 3]
88KJK 170 [0, 0, 0, 0, 0, 0, 0, 0, 0, 0, 0, 2, 3]
QJQ2Q 777 [0, 0, 0, 0, 0, 0, 0, 0, 0, 0, 0, 1, 4]
84486 178 [0, 0, 0, 0, 0, 0, 0, 0, 0, 0, 1, 2, 2]
535JQ 411 [0, 0, 0, 0, 0, 0, 0, 0, 0, 0, 1, 1, 3]
J547T 595 [0, 0, 0, 0, 0, 0, 0, 0, 0, 1, 1, 1, 2]
37773 602 [0, 0, 0, 0, 0, 0, 0, 0, 0, 0, 0, 2, 3]
777JQ 188 [0, 0, 0, 0, 0, 0, 0, 0, 0, 0, 0, 1, 4]
48989 825 [0, 0, 0, 0, 0, 0, 0, 0, 0, 0, 1, 2, 2]
4944K 492 [0, 0, 0, 0, 0, 0, 0, 0, 0, 0, 1, 1, 3]
J8959 375 [0, 0, 0, 0, 0, 0, 0, 0, 0, 0, 1, 1, 3]
72Q5A 908 [0, 0, 0, 0, 0, 0, 0, 0, 1, 1, 1, 1, 1]
Q2AAT 280 [0, 0, 0, 0, 0, 0, 0, 0, 0, 1, 1, 1, 2]
Q3666 119 [0, 0, 0, 0, 0, 0, 0, 0, 0, 0, 1, 1, 3]
48J24 238 [0, 0, 0, 0, 0, 0, 0, 0, 0, 0, 1, 1, 3]
999JA 865 [0, 0, 0, 0, 0, 0, 0, 0, 0, 0, 0, 1, 4]
KK9KK 831 [0, 0, 0, 0, 0, 0, 0, 0, 0, 0, 0, 1, 4]
6Q3JT 909 [0, 0, 0, 0, 0, 0, 0, 0, 0, 1, 1, 1, 2]
3A773 50 [0, 0, 0, 0, 0, 0, 0, 0, 0, 0, 1, 2, 2]
38466 461 [0, 0, 0, 0, 0, 0, 0, 0, 0, 1, 1, 1, 2]
37A25 300 [0, 0, 0, 0, 0, 0, 0, 0, 1, 1, 1, 1, 1]
95555 307 [0, 0, 0, 0, 0, 0, 0, 0, 0, 0, 0, 1, 4]
7Q228 557 [0, 0, 0, 0, 0, 0, 0, 0, 0, 1, 1, 1, 2]
KQ66K 525 [0, 0, 0, 0, 0, 0, 0, 0, 0, 0, 1, 2, 2]
8744K 727 [0, 0, 0, 0, 0, 0, 0, 0, 0, 1, 1, 1, 2]
J9JQ9 475 [0, 0, 0, 0, 0, 0, 0, 0, 0, 0, 0, 1, 4]
A5AKA 148 [0, 0, 0, 0, 0, 0, 0, 0, 0, 0, 1, 1, 3]
A7KJT 309 [0, 0, 0, 0, 0, 0, 0, 0, 0, 1, 1, 1, 2]
TT794 539 [0, 0, 0, 0, 0, 0, 0, 0, 0, 1, 1, 1, 2]
53339 762 [0, 0, 0, 0, 0, 0, 0, 0, 0, 0, 1, 1, 3]
Q9999 6 [0, 0, 0, 0, 0, 0, 0, 0, 0, 0, 0, 1, 4]
A4AT4 993 [0, 0, 0, 0, 0, 0, 0, 0, 0, 0, 1, 2, 2]
888AA 790 [0, 0, 0, 0, 0, 0, 0, 0, 0, 0, 0, 2, 3]
6666A 480 [0, 0, 0, 0, 0, 0, 0, 0, 0, 0, 0, 1, 4]
88Q63 274 [0, 0, 0, 0, 0, 0, 0, 0, 0, 1, 1, 1, 2]
99J92 869 [0, 0, 0, 0, 0, 0, 0, 0, 0, 0, 0, 1, 4]
J8988 884 [0, 0, 0, 0, 0, 0, 0, 0, 0, 0, 0, 1, 4]
8K68J 839 [0, 0, 0, 0, 0, 0, 0, 0, 0, 0, 1, 1, 3]
7QA72 498 [0, 0, 0, 0, 0, 0, 0, 0, 0, 1, 1, 1, 2]
84697 581 [0, 0, 0, 0, 0, 0, 0, 0, 1, 1, 1, 1, 1]
3QK3J 289 [0, 0, 0, 0, 0, 0, 0, 0, 0, 0, 1, 1, 3]
59J8A 692 [0, 0, 0, 0, 0, 0, 0, 0, 0, 1, 1, 1, 2]
Q5J5Q 761 [0, 0, 0, 0, 0, 0, 0, 0, 0, 0, 0, 2, 3]
J777K 930 [0, 0, 0, 0, 0, 0, 0, 0, 0, 0, 0, 1, 4]
T552K 251 [0, 0, 0, 0, 0, 0, 0, 0, 0, 1, 1, 1, 2]
TAT26 715 [0, 0, 0, 0, 0, 0, 0, 0, 0, 1, 1, 1, 2]
6J32T 380 [0, 0, 0, 0, 0, 0, 0, 0, 0, 1, 1, 1, 2]
74K28 523 [0, 0, 0, 0, 0, 0, 0, 0, 1, 1, 1, 1, 1]
22279 104 [0, 0, 0, 0, 0, 0, 0, 0, 0, 0, 1, 1, 3]
8TKT2 393 [0, 0, 0, 0, 0, 0, 0, 0, 0, 1, 1, 1, 2]
68J67 391 [0, 0, 0, 0, 0, 0, 0, 0, 0, 0, 1, 1, 3]
55458 340 [0, 0, 0, 0, 0, 0, 0, 0, 0, 0, 1, 1, 3]
5TK47 395 [0, 0, 0, 0, 0, 0, 0, 0, 1, 1, 1, 1, 1]
822J8 893 [0, 0, 0, 0, 0, 0, 0, 0, 0, 0, 0, 2, 3]
T9388 902 [0, 0, 0, 0, 0, 0, 0, 0, 0, 1, 1, 1, 2]
8TQ3Q 252 [0, 0, 0, 0, 0, 0, 0, 0, 0, 1, 1, 1, 2]
3T549 811 [0, 0, 0, 0, 0, 0, 0, 0, 1, 1, 1, 1, 1]
88883 702 [0, 0, 0, 0, 0, 0, 0, 0, 0, 0, 0, 1, 4]
55J2K 81 [0, 0, 0, 0, 0, 0, 0, 0, 0, 0, 1, 1, 3]
4QTT4 138 [0, 0, 0, 0, 0, 0, 0, 0, 0, 0, 1, 2, 2]
69669 272 [0, 0, 0, 0, 0, 0, 0, 0, 0, 0, 0, 2, 3]
KTKTK 576 [0, 0, 0, 0, 0, 0, 0, 0, 0, 0, 0, 2, 3]
T6668 822 [0, 0, 0, 0, 0, 0, 0, 0, 0, 0, 1, 1, 3]
7J777 736 [0, 0, 0, 0, 0, 0, 0, 0, 0, 0, 0, 0, 5]
9ATJT 892 [0, 0, 0, 0, 0, 0, 0, 0, 0, 0, 1, 1, 3]
Q5QQQ 125 [0, 0, 0, 0, 0, 0, 0, 0, 0, 0, 0, 1, 4]
66T9T 519 [0, 0, 0, 0, 0, 0, 0, 0, 0, 0, 1, 2, 2]
4T244 589 [0, 0, 0, 0, 0, 0, 0, 0, 0, 0, 1, 1, 3]
77747 174 [0, 0, 0, 0, 0, 0, 0, 0, 0, 0, 0, 1, 4]
3J698 837 [0, 0, 0, 0, 0, 0, 0, 0, 0, 1, 1, 1, 2]
39K28 665 [0, 0, 0, 0, 0, 0, 0, 0, 1, 1, 1, 1, 1]
QA459 456 [0, 0, 0, 0, 0, 0, 0, 0, 1, 1, 1, 1, 1]
22342 545 [0, 0, 0, 0, 0, 0, 0, 0, 0, 0, 1, 1, 3]
J8478 489 [0, 0, 0, 0, 0, 0, 0, 0, 0, 0, 1, 1, 3]
Q2962 468 [0, 0, 0, 0, 0, 0, 0, 0, 0, 1, 1, 1, 2]
QAAAA 958 [0, 0, 0, 0, 0, 0, 0, 0, 0, 0, 0, 1, 4]
K8T87 260 [0, 0, 0, 0, 0, 0, 0, 0, 0, 1, 1, 1, 2]
J4KK7 706 [0, 0, 0, 0, 0, 0, 0, 0, 0, 0, 1, 1, 3]
J5J95 695 [0, 0, 0, 0, 0, 0, 0, 0, 0, 0, 0, 1, 4]
47445 724 [0, 0, 0, 0, 0, 0, 0, 0, 0, 0, 1, 1, 3]
K268T 967 [0, 0, 0, 0, 0, 0, 0, 0, 1, 1, 1, 1, 1]
33299 652 [0, 0, 0, 0, 0, 0, 0, 0, 0, 0, 1, 2, 2]
KKKK2 664 [0, 0, 0, 0, 0, 0, 0, 0, 0, 0, 0, 1, 4]
K9JKA 711 [0, 0, 0, 0, 0, 0, 0, 0, 0, 0, 1, 1, 3]
85926 435 [0, 0, 0, 0, 0, 0, 0, 0, 1, 1, 1, 1, 1]
J7K6J 511 [0, 0, 0, 0, 0, 0, 0, 0, 0, 0, 1, 1, 3]
3667J 791 [0, 0, 0, 0, 0, 0, 0, 0, 0, 0, 1, 1, 3]
229QA 633 [0, 0, 0, 0, 0, 0, 0, 0, 0, 1, 1, 1, 2]
998K7 642 [0, 0, 0, 0, 0, 0, 0, 0, 0, 1, 1, 1, 2]
8QQ77 774 [0, 0, 0, 0, 0, 0, 0, 0, 0, 0, 1, 2, 2]
6347A 497 [0, 0, 0, 0, 0, 0, 0, 0, 1, 1, 1, 1, 1]
46526 327 [0, 0, 0, 0, 0, 0, 0, 0, 0, 1, 1, 1, 2]
QK327 750 [0, 0, 0, 0, 0, 0, 0, 0, 1, 1, 1, 1, 1]
KAQ25 927 [0, 0, 0, 0, 0, 0, 0, 0, 1, 1, 1, 1, 1]
27T34 134 [0, 0, 0, 0, 0, 0, 0, 0, 1, 1, 1, 1, 1]
T633T 208 [0, 0, 0, 0, 0, 0, 0, 0, 0, 0, 1, 2, 2]
KKQK7 810 [0, 0, 0, 0, 0, 0, 0, 0, 0, 0, 1, 1, 3]
223J2 900 [0, 0, 0, 0, 0, 0, 0, 0, 0, 0, 0, 1, 4]
5KKJ5 842 [0, 0, 0, 0, 0, 0, 0, 0, 0, 0, 0, 2, 3]
99533 521 [0, 0, 0, 0, 0, 0, 0, 0, 0, 0, 1, 2, 2]
A5Q85 553 [0, 0, 0, 0, 0, 0, 0, 0, 0, 1, 1, 1, 2]
54455 570 [0, 0, 0, 0, 0, 0, 0, 0, 0, 0, 0, 2, 3]
JA946 582 [0, 0, 0, 0, 0, 0, 0, 0, 0, 1, 1, 1, 2]
69Q66 690 [0, 0, 0, 0, 0, 0, 0, 0, 0, 0, 1, 1, 3]
99977 701 [0, 0, 0, 0, 0, 0, 0, 0, 0, 0, 0, 2, 3]
282Q8 428 [0, 0, 0, 0, 0, 0, 0, 0, 0, 0, 1, 2, 2]
4AA42 10 [0, 0, 0, 0, 0, 0, 0, 0, 0, 0, 1, 2, 2]
75977 328 [0, 0, 0, 0, 0, 0, 0, 0, 0, 0, 1, 1, 3]
99T99 948 [0, 0, 0, 0, 0, 0, 0, 0, 0, 0, 0, 1, 4]
J5353 546 [0, 0, 0, 0, 0, 0, 0, 0, 0, 0, 0, 2, 3]
QT95K 285 [0, 0, 0, 0, 0, 0, 0, 0, 1, 1, 1, 1, 1]
KKK3K 896 [0, 0, 0, 0, 0, 0, 0, 0, 0, 0, 0, 1, 4]
9696J 264 [0, 0, 0, 0, 0, 0, 0, 0, 0, 0, 0, 2, 3]
T8275 436 [0, 0, 0, 0, 0, 0, 0, 0, 1, 1, 1, 1, 1]
45J55 80 [0, 0, 0, 0, 0, 0, 0, 0, 0, 0, 0, 1, 4]
69AAA 430 [0, 0, 0, 0, 0, 0, 0, 0, 0, 0, 1, 1, 3]
27J4J 202 [0, 0, 0, 0, 0, 0, 0, 0, 0, 0, 1, 1, 3]
6A888 404 [0, 0, 0, 0, 0, 0, 0, 0, 0, 0, 1, 1, 3]
TQ5K8 819 [0, 0, 0, 0, 0, 0, 0, 0, 1, 1, 1, 1, 1]
55858 113 [0, 0, 0, 0, 0, 0, 0, 0, 0, 0, 0, 2, 3]
T828T 933 [0, 0, 0, 0, 0, 0, 0, 0, 0, 0, 1, 2, 2]
T8888 12 [0, 0, 0, 0, 0, 0, 0, 0, 0, 0, 0, 1, 4]
3KKKT 703 [0, 0, 0, 0, 0, 0, 0, 0, 0, 0, 1, 1, 3]
657J6 291 [0, 0, 0, 0, 0, 0, 0, 0, 0, 0, 1, 1, 3]
8699J 172 [0, 0, 0, 0, 0, 0, 0, 0, 0, 0, 1, 1, 3]
9J99T 705 [0, 0, 0, 0, 0, 0, 0, 0, 0, 0, 0, 1, 4]
A22A2 229 [0, 0, 0, 0, 0, 0, 0, 0, 0, 0, 0, 2, 3]
32263 314 [0, 0, 0, 0, 0, 0, 0, 0, 0, 0, 1, 2, 2]
8QQQQ 101 [0, 0, 0, 0, 0, 0, 0, 0, 0, 0, 0, 1, 4]
2J222 354 [0, 0, 0, 0, 0, 0, 0, 0, 0, 0, 0, 0, 5]
73373 107 [0, 0, 0, 0, 0, 0, 0, 0, 0, 0, 0, 2, 3]
99398 946 [0, 0, 0, 0, 0, 0, 0, 0, 0, 0, 1, 1, 3]
2AA2J 885 [0, 0, 0, 0, 0, 0, 0, 0, 0, 0, 0, 2, 3]
T66J6 184 [0, 0, 0, 0, 0, 0, 0, 0, 0, 0, 0, 1, 4]
3K8K8 903 [0, 0, 0, 0, 0, 0, 0, 0, 0, 0, 1, 2, 2]
KJJKK 611 [0, 0, 0, 0, 0, 0, 0, 0, 0, 0, 0, 0, 5]
22226 781 [0, 0, 0, 0, 0, 0, 0, 0, 0, 0, 0, 1, 4]
9A2J9 191 [0, 0, 0, 0, 0, 0, 0, 0, 0, 0, 1, 1, 3]
AK26J 964 [0, 0, 0, 0, 0, 0, 0, 0, 0, 1, 1, 1, 2]
8KK2Q 317 [0, 0, 0, 0, 0, 0, 0, 0, 0, 1, 1, 1, 2]
82898 883 [0, 0, 0, 0, 0, 0, 0, 0, 0, 0, 1, 1, 3]
T9TTT 195 [0, 0, 0, 0, 0, 0, 0, 0, 0, 0, 0, 1, 4]
584JT 743 [0, 0, 0, 0, 0, 0, 0, 0, 0, 1, 1, 1, 2]
4AA45 61 [0, 0, 0, 0, 0, 0, 0, 0, 0, 0, 1, 2, 2]
93J79 100 [0, 0, 0, 0, 0, 0, 0, 0, 0, 0, 1, 1, 3]
3QJAK 241 [0, 0, 0, 0, 0, 0, 0, 0, 0, 1, 1, 1, 2]
T74AQ 304 [0, 0, 0, 0, 0, 0, 0, 0, 1, 1, 1, 1, 1]
4Q2QQ 548 [0, 0, 0, 0, 0, 0, 0, 0, 0, 0, 1, 1, 3]
KKJ27 330 [0, 0, 0, 0, 0, 0, 0, 0, 0, 0, 1, 1, 3]
A9TKK 39 [0, 0, 0, 0, 0, 0, 0, 0, 0, 1, 1, 1, 2]
6J447 303 [0, 0, 0, 0, 0, 0, 0, 0, 0, 0, 1, 1, 3]
592A6 449 [0, 0, 0, 0, 0, 0, 0, 0, 1, 1, 1, 1, 1]
K9928 65 [0, 0, 0, 0, 0, 0, 0, 0, 0, 1, 1, 1, 2]
9A94K 193 [0, 0, 0, 0, 0, 0, 0, 0, 0, 1, 1, 1, 2]
8T646 431 [0, 0, 0, 0, 0, 0, 0, 0, 0, 1, 1, 1, 2]
Q46K3 20 [0, 0, 0, 0, 0, 0, 0, 0, 1, 1, 1, 1, 1]
K5777 833 [0, 0, 0, 0, 0, 0, 0, 0, 0, 0, 1, 1, 3]
Q9756 30 [0, 0, 0, 0, 0, 0, 0, 0, 1, 1, 1, 1, 1]
33838 638 [0, 0, 0, 0, 0, 0, 0, 0, 0, 0, 0, 2, 3]
65686 298 [0, 0, 0, 0, 0, 0, 0, 0, 0, 0, 1, 1, 3]
A9JAJ 599 [0, 0, 0, 0, 0, 0, 0, 0, 0, 0, 0, 1, 4]
85555 784 [0, 0, 0, 0, 0, 0, 0, 0, 0, 0, 0, 1, 4]
6TAA4 286 [0, 0, 0, 0, 0, 0, 0, 0, 0, 1, 1, 1, 2]
3QQ89 446 [0, 0, 0, 0, 0, 0, 0, 0, 0, 1, 1, 1, 2]
3JT37 463 [0, 0, 0, 0, 0, 0, 0, 0, 0, 0, 1, 1, 3]
8AK5Q 230 [0, 0, 0, 0, 0, 0, 0, 0, 1, 1, 1, 1, 1]
7JAAQ 580 [0, 0, 0, 0, 0, 0, 0, 0, 0, 0, 1, 1, 3]
754TQ 74 [0, 0, 0, 0, 0, 0, 0, 0, 1, 1, 1, 1, 1]
9AQQ4 729 [0, 0, 0, 0, 0, 0, 0, 0, 0, 1, 1, 1, 2]
2933J 678 [0, 0, 0, 0, 0, 0, 0, 0, 0, 0, 1, 1, 3]
62757 575 [0, 0, 0, 0, 0, 0, 0, 0, 0, 1, 1, 1, 2]
29929 619 [0, 0, 0, 0, 0, 0, 0, 0, 0, 0, 0, 2, 3]
A3AAA 216 [0, 0, 0, 0, 0, 0, 0, 0, 0, 0, 0, 1, 4]
Q557Q 691 [0, 0, 0, 0, 0, 0, 0, 0, 0, 0, 1, 2, 2]
A7Q8T 983 [0, 0, 0, 0, 0, 0, 0, 0, 1, 1, 1, 1, 1]
3TJQT 668 [0, 0, 0, 0, 0, 0, 0, 0, 0, 0, 1, 1, 3]
A3KJA 503 [0, 0, 0, 0, 0, 0, 0, 0, 0, 0, 1, 1, 3]
7AA77 881 [0, 0, 0, 0, 0, 0, 0, 0, 0, 0, 0, 2, 3]
88288 995 [0, 0, 0, 0, 0, 0, 0, 0, 0, 0, 0, 1, 4]
7QJ3J 770 [0, 0, 0, 0, 0, 0, 0, 0, 0, 0, 1, 1, 3]
5KKJK 265 [0, 0, 0, 0, 0, 0, 0, 0, 0, 0, 0, 1, 4]
444J4 998 [0, 0, 0, 0, 0, 0, 0, 0, 0, 0, 0, 0, 5]
82J87 89 [0, 0, 0, 0, 0, 0, 0, 0, 0, 0, 1, 1, 3]
T3T3J 63 [0, 0, 0, 0, 0, 0, 0, 0, 0, 0, 0, 2, 3]
2QQ76 510 [0, 0, 0, 0, 0, 0, 0, 0, 0, 1, 1, 1, 2]
5QQ25 132 [0, 0, 0, 0, 0, 0, 0, 0, 0, 0, 1, 2, 2]
KKKT5 441 [0, 0, 0, 0, 0, 0, 0, 0, 0, 0, 1, 1, 3]
Q822Q 954 [0, 0, 0, 0, 0, 0, 0, 0, 0, 0, 1, 2, 2]
84858 788 [0, 0, 0, 0, 0, 0, 0, 0, 0, 0, 1, 1, 3]
37627 873 [0, 0, 0, 0, 0, 0, 0, 0, 0, 1, 1, 1, 2]
22959 426 [0, 0, 0, 0, 0, 0, 0, 0, 0, 0, 1, 2, 2]
K6KKJ 454 [0, 0, 0, 0, 0, 0, 0, 0, 0, 0, 0, 1, 4]
4J844 359 [0, 0, 0, 0, 0, 0, 0, 0, 0, 0, 0, 1, 4]
67JQ7 266 [0, 0, 0, 0, 0, 0, 0, 0, 0, 0, 1, 1, 3]
TQ7T2 206 [0, 0, 0, 0, 0, 0, 0, 0, 0, 1, 1, 1, 2]
5QT2J 854 [0, 0, 0, 0, 0, 0, 0, 0, 0, 1, 1, 1, 2]
KK985 42 [0, 0, 0, 0, 0, 0, 0, 0, 0, 1, 1, 1, 2]
3562T 877 [0, 0, 0, 0, 0, 0, 0, 0, 1, 1, 1, 1, 1]
44343 999 [0, 0, 0, 0, 0, 0, 0, 0, 0, 0, 0, 2, 3]
5J595 859 [0, 0, 0, 0, 0, 0, 0, 0, 0, 0, 0, 1, 4]
37888 657 [0, 0, 0, 0, 0, 0, 0, 0, 0, 0, 1, 1, 3]
J65AK 801 [0, 0, 0, 0, 0, 0, 0, 0, 0, 1, 1, 1, 2]
77276 382 [0, 0, 0, 0, 0, 0, 0, 0, 0, 0, 1, 1, 3]
22A22 207 [0, 0, 0, 0, 0, 0, 0, 0, 0, 0, 0, 1, 4]
QQ4K3 253 [0, 0, 0, 0, 0, 0, 0, 0, 0, 1, 1, 1, 2]
9K2K4 161 [0, 0, 0, 0, 0, 0, 0, 0, 0, 1, 1, 1, 2]
888Q8 863 [0, 0, 0, 0, 0, 0, 0, 0, 0, 0, 0, 1, 4]
75J77 518 [0, 0, 0, 0, 0, 0, 0, 0, 0, 0, 0, 1, 4]
K2K2K 150 [0, 0, 0, 0, 0, 0, 0, 0, 0, 0, 0, 2, 3]
2JT62 398 [0, 0, 0, 0, 0, 0, 0, 0, 0, 0, 1, 1, 3]
J3993 719 [0, 0, 0, 0, 0, 0, 0, 0, 0, 0, 0, 2, 3]
AA88A 813 [0, 0, 0, 0, 0, 0, 0, 0, 0, 0, 0, 2, 3]
9499T 211 [0, 0, 0, 0, 0, 0, 0, 0, 0, 0, 1, 1, 3]
A568Q 98 [0, 0, 0, 0, 0, 0, 0, 0, 1, 1, 1, 1, 1]
6KQ6J 962 [0, 0, 0, 0, 0, 0, 0, 0, 0, 0, 1, 1, 3]
QAKA8 367 [0, 0, 0, 0, 0, 0, 0, 0, 0, 1, 1, 1, 2]
998A9 561 [0, 0, 0, 0, 0, 0, 0, 0, 0, 0, 1, 1, 3]
J2357 196 [0, 0, 0, 0, 0, 0, 0, 0, 0, 1, 1, 1, 2]
A797T 663 [0, 0, 0, 0, 0, 0, 0, 0, 0, 1, 1, 1, 2]
6J9J6 505 [0, 0, 0, 0, 0, 0, 0, 0, 0, 0, 0, 1, 4]
2T5T2 759 [0, 0, 0, 0, 0, 0, 0, 0, 0, 0, 1, 2, 2]
K6464 381 [0, 0, 0, 0, 0, 0, 0, 0, 0, 0, 1, 2, 2]
76677 373 [0, 0, 0, 0, 0, 0, 0, 0, 0, 0, 0, 2, 3]
4K92J 33 [0, 0, 0, 0, 0, 0, 0, 0, 0, 1, 1, 1, 2]
5A8JK 447 [0, 0, 0, 0, 0, 0, 0, 0, 0, 1, 1, 1, 2]
8QQ88 660 [0, 0, 0, 0, 0, 0, 0, 0, 0, 0, 0, 2, 3]
3298A 325 [0, 0, 0, 0, 0, 0, 0, 0, 1, 1, 1, 1, 1]
37333 802 [0, 0, 0, 0, 0, 0, 0, 0, 0, 0, 0, 1, 4]
JTQQT 7 [0, 0, 0, 0, 0, 0, 0, 0, 0, 0, 0, 2, 3]
QQQ3A 820 [0, 0, 0, 0, 0, 0, 0, 0, 0, 0, 1, 1, 3]
J5935 506 [0, 0, 0, 0, 0, 0, 0, 0, 0, 0, 1, 1, 3]
K4334 2 [0, 0, 0, 0, 0, 0, 0, 0, 0, 0, 1, 2, 2]
KA749 40 [0, 0, 0, 0, 0, 0, 0, 0, 1, 1, 1, 1, 1]
94QQ9 415 [0, 0, 0, 0, 0, 0, 0, 0, 0, 0, 1, 2, 2]
537KK 225 [0, 0, 0, 0, 0, 0, 0, 0, 0, 1, 1, 1, 2]
25255 913 [0, 0, 0, 0, 0, 0, 0, 0, 0, 0, 0, 2, 3]
835J9 601 [0, 0, 0, 0, 0, 0, 0, 0, 0, 1, 1, 1, 2]
55TTT 647 [0, 0, 0, 0, 0, 0, 0, 0, 0, 0, 0, 2, 3]
92J92 710 [0, 0, 0, 0, 0, 0, 0, 0, 0, 0, 0, 2, 3]
66A6A 312 [0, 0, 0, 0, 0, 0, 0, 0, 0, 0, 0, 2, 3]
A8TT8 914 [0, 0, 0, 0, 0, 0, 0, 0, 0, 0, 1, 2, 2]
4KJKK 271 [0, 0, 0, 0, 0, 0, 0, 0, 0, 0, 0, 1, 4]
T3242 835 [0, 0, 0, 0, 0, 0, 0, 0, 0, 1, 1, 1, 2]
3K636 623 [0, 0, 0, 0, 0, 0, 0, 0, 0, 0, 1, 2, 2]
93T5A 365 [0, 0, 0, 0, 0, 0, 0, 0, 1, 1, 1, 1, 1]
J4739 816 [0, 0, 0, 0, 0, 0, 0, 0, 0, 1, 1, 1, 2]
244A5 465 [0, 0, 0, 0, 0, 0, 0, 0, 0, 1, 1, 1, 2]
A9TT5 560 [0, 0, 0, 0, 0, 0, 0, 0, 0, 1, 1, 1, 2]
2JAA9 224 [0, 0, 0, 0, 0, 0, 0, 0, 0, 0, 1, 1, 3]
TTT7T 356 [0, 0, 0, 0, 0, 0, 0, 0, 0, 0, 0, 1, 4]
AQQAA 656 [0, 0, 0, 0, 0, 0, 0, 0, 0, 0, 0, 2, 3]
QT5Q5 879 [0, 0, 0, 0, 0, 0, 0, 0, 0, 0, 1, 2, 2]
7AA7J 632 [0, 0, 0, 0, 0, 0, 0, 0, 0, 0, 0, 2, 3]
36344 127 [0, 0, 0, 0, 0, 0, 0, 0, 0, 0, 1, 2, 2]
K5T89 243 [0, 0, 0, 0, 0, 0, 0, 0, 1, 1, 1, 1, 1]
797A9 562 [0, 0, 0, 0, 0, 0, 0, 0, 0, 0, 1, 2, 2]
66363 52 [0, 0, 0, 0, 0, 0, 0, 0, 0, 0, 0, 2, 3]
68585 598 [0, 0, 0, 0, 0, 0, 0, 0, 0, 0, 1, 2, 2]
KQ8A9 608 [0, 0, 0, 0, 0, 0, 0, 0, 1, 1, 1, 1, 1]
999K2 21 [0, 0, 0, 0, 0, 0, 0, 0, 0, 0, 1, 1, 3]
52253 151 [0, 0, 0, 0, 0, 0, 0, 0, 0, 0, 1, 2, 2]
A5595 262 [0, 0, 0, 0, 0, 0, 0, 0, 0, 0, 1, 1, 3]
KTTTT 366 [0, 0, 0, 0, 0, 0, 0, 0, 0, 0, 0, 1, 4]
2922T 1000 [0, 0, 0, 0, 0, 0, 0, 0, 0, 0, 1, 1, 3]
25328 815 [0, 0, 0, 0, 0, 0, 0, 0, 0, 1, 1, 1, 2]
3T7T7 806 [0, 0, 0, 0, 0, 0, 0, 0, 0, 0, 1, 2, 2]
Q2Q39 895 [0, 0, 0, 0, 0, 0, 0, 0, 0, 1, 1, 1, 2]
3J432 786 [0, 0, 0, 0, 0, 0, 0, 0, 0, 0, 1, 1, 3]
JA228 782 [0, 0, 0, 0, 0, 0, 0, 0, 0, 0, 1, 1, 3]
AJJ99 621 [0, 0, 0, 0, 0, 0, 0, 0, 0, 0, 0, 1, 4]
8AAQQ 809 [0, 0, 0, 0, 0, 0, 0, 0, 0, 0, 1, 2, 2]
97QAT 143 [0, 0, 0, 0, 0, 0, 0, 0, 1, 1, 1, 1, 1]
456J8 15 [0, 0, 0, 0, 0, 0, 0, 0, 0, 1, 1, 1, 2]
AAJ2A 165 [0, 0, 0, 0, 0, 0, 0, 0, 0, 0, 0, 1, 4]
J55J5 281 [0, 0, 0, 0, 0, 0, 0, 0, 0, 0, 0, 0, 5]
K6945 322 [0, 0, 0, 0, 0, 0, 0, 0, 1, 1, 1, 1, 1]
22A2J 799 [0, 0, 0, 0, 0, 0, 0, 0, 0, 0, 0, 1, 4]
77AAA 666 [0, 0, 0, 0, 0, 0, 0, 0, 0, 0, 0, 2, 3]
Q6J66 168 [0, 0, 0, 0, 0, 0, 0, 0, 0, 0, 0, 1, 4]
7QTJ5 363 [0, 0, 0, 0, 0, 0, 0, 0, 0, 1, 1, 1, 2]
Q38T2 709 [0, 0, 0, 0, 0, 0, 0, 0, 1, 1, 1, 1, 1]
AKT86 936 [0, 0, 0, 0, 0, 0, 0, 0, 1, 1, 1, 1, 1]
QQQQK 585 [0, 0, 0, 0, 0, 0, 0, 0, 0, 0, 0, 1, 4]
JA4J4 130 [0, 0, 0, 0, 0, 0, 0, 0, 0, 0, 0, 1, 4]
AJA73 796 [0, 0, 0, 0, 0, 0, 0, 0, 0, 0, 1, 1, 3]
88QQQ 828 [0, 0, 0, 0, 0, 0, 0, 0, 0, 0, 0, 2, 3]
QQ2Q2 390 [0, 0, 0, 0, 0, 0, 0, 0, 0, 0, 0, 2, 3]
KK77K 301 [0, 0, 0, 0, 0, 0, 0, 0, 0, 0, 0, 2, 3]
A5TQ9 805 [0, 0, 0, 0, 0, 0, 0, 0, 1, 1, 1, 1, 1]
96677 477 [0, 0, 0, 0, 0, 0, 0, 0, 0, 0, 1, 2, 2]
J7495 628 [0, 0, 0, 0, 0, 0, 0, 0, 0, 1, 1, 1, 2]
24222 807 [0, 0, 0, 0, 0, 0, 0, 0, 0, 0, 0, 1, 4]
8QQ83 992 [0, 0, 0, 0, 0, 0, 0, 0, 0, 0, 1, 2, 2]
222K6 861 [0, 0, 0, 0, 0, 0, 0, 0, 0, 0, 1, 1, 3]
949J5 473 [0, 0, 0, 0, 0, 0, 0, 0, 0, 0, 1, 1, 3]
59873 555 [0, 0, 0, 0, 0, 0, 0, 0, 1, 1, 1, 1, 1]
9K584 564 [0, 0, 0, 0, 0, 0, 0, 0, 1, 1, 1, 1, 1]
AAQ7Q 989 [0, 0, 0, 0, 0, 0, 0, 0, 0, 0, 1, 2, 2]
62J2K 445 [0, 0, 0, 0, 0, 0, 0, 0, 0, 0, 1, 1, 3]
4732A 420 [0, 0, 0, 0, 0, 0, 0, 0, 1, 1, 1, 1, 1]
2JT9K 136 [0, 0, 0, 0, 0, 0, 0, 0, 0, 1, 1, 1, 2]
TT989 277 [0, 0, 0, 0, 0, 0, 0, 0, 0, 0, 1, 2, 2]
JJ999 549 [0, 0, 0, 0, 0, 0, 0, 0, 0, 0, 0, 0, 5]
Q9T6K 513 [0, 0, 0, 0, 0, 0, 0, 0, 1, 1, 1, 1, 1]
36J6A 97 [0, 0, 0, 0, 0, 0, 0, 0, 0, 0, 1, 1, 3]
A3J32 986 [0, 0, 0, 0, 0, 0, 0, 0, 0, 0, 1, 1, 3]
8A7TJ 682 [0, 0, 0, 0, 0, 0, 0, 0, 0, 1, 1, 1, 2]
T2784 59 [0, 0, 0, 0, 0, 0, 0, 0, 1, 1, 1, 1, 1]
KJAAK 110 [0, 0, 0, 0, 0, 0, 0, 0, 0, 0, 0, 2, 3]
8KJ88 919 [0, 0, 0, 0, 0, 0, 0, 0, 0, 0, 0, 1, 4]
AKK77 256 [0, 0, 0, 0, 0, 0, 0, 0, 0, 0, 1, 2, 2]
2J876 713 [0, 0, 0, 0, 0, 0, 0, 0, 0, 1, 1, 1, 2]
K3TQ7 115 [0, 0, 0, 0, 0, 0, 0, 0, 1, 1, 1, 1, 1]
8Q6AT 973 [0, 0, 0, 0, 0, 0, 0, 0, 1, 1, 1, 1, 1]
45666 19 [0, 0, 0, 0, 0, 0, 0, 0, 0, 0, 1, 1, 3]
33335 400 [0, 0, 0, 0, 0, 0, 0, 0, 0, 0, 0, 1, 4]
J43K4 851 [0, 0, 0, 0, 0, 0, 0, 0, 0, 0, 1, 1, 3]
A22A9 974 [0, 0, 0, 0, 0, 0, 0, 0, 0, 0, 1, 2, 2]
8Q867 574 [0, 0, 0, 0, 0, 0, 0, 0, 0, 1, 1, 1, 2]
993KA 185 [0, 0, 0, 0, 0, 0, 0, 0, 0, 1, 1, 1, 2]
9K8Q4 464 [0, 0, 0, 0, 0, 0, 0, 0, 1, 1, 1, 1, 1]
5AAAA 949 [0, 0, 0, 0, 0, 0, 0, 0, 0, 0, 0, 1, 4]
27JJ5 686 [0, 0, 0, 0, 0, 0, 0, 0, 0, 0, 1, 1, 3]
3TTT3 606 [0, 0, 0, 0, 0, 0, 0, 0, 0, 0, 0, 2, 3]
T4444 533 [0, 0, 0, 0, 0, 0, 0, 0, 0, 0, 0, 1, 4]
K8838 830 [0, 0, 0, 0, 0, 0, 0, 0, 0, 0, 1, 1, 3]
75682 960 [0, 0, 0, 0, 0, 0, 0, 0, 1, 1, 1, 1, 1]
J89JT 129 [0, 0, 0, 0, 0, 0, 0, 0, 0, 0, 1, 1, 3]
45A5A 886 [0, 0, 0, 0, 0, 0, 0, 0, 0, 0, 1, 2, 2]
KKK6T 416 [0, 0, 0, 0, 0, 0, 0, 0, 0, 0, 1, 1, 3]
AJA6A 626 [0, 0, 0, 0, 0, 0, 0, 0, 0, 0, 0, 1, 4]
AAJKA 182 [0, 0, 0, 0, 0, 0, 0, 0, 0, 0, 0, 1, 4]
AA2A8 73 [0, 0, 0, 0, 0, 0, 0, 0, 0, 0, 1, 1, 3]
7JK88 640 [0, 0, 0, 0, 0, 0, 0, 0, 0, 0, 1, 1, 3]
JJ222 462 [0, 0, 0, 0, 0, 0, 0, 0, 0, 0, 0, 0, 5]
4A455 49 [0, 0, 0, 0, 0, 0, 0, 0, 0, 0, 1, 2, 2]
7JAKQ 812 [0, 0, 0, 0, 0, 0, 0, 0, 0, 1, 1, 1, 2]
AAAA9 387 [0, 0, 0, 0, 0, 0, 0, 0, 0, 0, 0, 1, 4]
777T7 769 [0, 0, 0, 0, 0, 0, 0, 0, 0, 0, 0, 1, 4]
37K2A 348 [0, 0, 0, 0, 0, 0, 0, 0, 1, 1, 1, 1, 1]
QTJ77 355 [0, 0, 0, 0, 0, 0, 0, 0, 0, 0, 1, 1, 3]
KQQKA 500 [0, 0, 0, 0, 0, 0, 0, 0, 0, 0, 1, 2, 2]
QQQ9Q 350 [0, 0, 0, 0, 0, 0, 0, 0, 0, 0, 0, 1, 4]
65666 111 [0, 0, 0, 0, 0, 0, 0, 0, 0, 0, 0, 1, 4]
T7TT7 407 [0, 0, 0, 0, 0, 0, 0, 0, 0, 0, 0, 2, 3]
333TJ 214 [0, 0, 0, 0, 0, 0, 0, 0, 0, 0, 0, 1, 4]
78876 8 [0, 0, 0, 0, 0, 0, 0, 0, 0, 0, 1, 2, 2]
8Q478 409 [0, 0, 0, 0, 0, 0, 0, 0, 0, 1, 1, 1, 2]
8K3AT 934 [0, 0, 0, 0, 0, 0, 0, 0, 1, 1, 1, 1, 1]
6A583 814 [0, 0, 0, 0, 0, 0, 0, 0, 1, 1, 1, 1, 1]
JTJAA 826 [0, 0, 0, 0, 0, 0, 0, 0, 0, 0, 0, 1, 4]
3A373 278 [0, 0, 0, 0, 0, 0, 0, 0, 0, 0, 1, 1, 3]
J4J44 171 [0, 0, 0, 0, 0, 0, 0, 0, 0, 0, 0, 0, 5]
9AAA3 374 [0, 0, 0, 0, 0, 0, 0, 0, 0, 0, 1, 1, 3]
32J32 199 [0, 0, 0, 0, 0, 0, 0, 0, 0, 0, 0, 2, 3]
76TTA 858 [0, 0, 0, 0, 0, 0, 0, 0, 0, 1, 1, 1, 2]
27222 305 [0, 0, 0, 0, 0, 0, 0, 0, 0, 0, 0, 1, 4]
862K6 369 [0, 0, 0, 0, 0, 0, 0, 0, 0, 1, 1, 1, 2]
QJKAA 568 [0, 0, 0, 0, 0, 0, 0, 0, 0, 0, 1, 1, 3]
JK94J 524 [0, 0, 0, 0, 0, 0, 0, 0, 0, 0, 1, 1, 3]
Q6QQ6 852 [0, 0, 0, 0, 0, 0, 0, 0, 0, 0, 0, 2, 3]
2TQ22 987 [0, 0, 0, 0, 0, 0, 0, 0, 0, 0, 1, 1, 3]
J6AJ7 385 [0, 0, 0, 0, 0, 0, 0, 0, 0, 0, 1, 1, 3]
73A6T 106 [0, 0, 0, 0, 0, 0, 0, 0, 1, 1, 1, 1, 1]
QAKQT 925 [0, 0, 0, 0, 0, 0, 0, 0, 0, 1, 1, 1, 2]
2424T 737 [0, 0, 0, 0, 0, 0, 0, 0, 0, 0, 1, 2, 2]
T7ATA 620 [0, 0, 0, 0, 0, 0, 0, 0, 0, 0, 1, 2, 2]
T8A47 613 [0, 0, 0, 0, 0, 0, 0, 0, 1, 1, 1, 1, 1]
J2858 636 [0, 0, 0, 0, 0, 0, 0, 0, 0, 0, 1, 1, 3]
K7373 484 [0, 0, 0, 0, 0, 0, 0, 0, 0, 0, 1, 2, 2]
7QK65 716 [0, 0, 0, 0, 0, 0, 0, 0, 1, 1, 1, 1, 1]
K8QKK 981 [0, 0, 0, 0, 0, 0, 0, 0, 0, 0, 1, 1, 3]
52454 443 [0, 0, 0, 0, 0, 0, 0, 0, 0, 0, 1, 2, 2]
AAAAJ 738 [0, 0, 0, 0, 0, 0, 0, 0, 0, 0, 0, 0, 5]
99J99 69 [0, 0, 0, 0, 0, 0, 0, 0, 0, 0, 0, 0, 5]
6AQJ8 439 [0, 0, 0, 0, 0, 0, 0, 0, 0, 1, 1, 1, 2]
774J9 798 [0, 0, 0, 0, 0, 0, 0, 0, 0, 0, 1, 1, 3]
66JJ6 210 [0, 0, 0, 0, 0, 0, 0, 0, 0, 0, 0, 0, 5]
TTQTQ 35 [0, 0, 0, 0, 0, 0, 0, 0, 0, 0, 0, 2, 3]
7QJ97 694 [0, 0, 0, 0, 0, 0, 0, 0, 0, 0, 1, 1, 3]
QJQQJ 918 [0, 0, 0, 0, 0, 0, 0, 0, 0, 0, 0, 0, 5]
9K999 573 [0, 0, 0, 0, 0, 0, 0, 0, 0, 0, 0, 1, 4]
Q7TT7 68 [0, 0, 0, 0, 0, 0, 0, 0, 0, 0, 1, 2, 2]
46887 704 [0, 0, 0, 0, 0, 0, 0, 0, 0, 1, 1, 1, 2]
T6379 661 [0, 0, 0, 0, 0, 0, 0, 0, 1, 1, 1, 1, 1]
34888 326 [0, 0, 0, 0, 0, 0, 0, 0, 0, 0, 1, 1, 3]
9A999 916 [0, 0, 0, 0, 0, 0, 0, 0, 0, 0, 0, 1, 4]
6466J 849 [0, 0, 0, 0, 0, 0, 0, 0, 0, 0, 0, 1, 4]
666J6 479 [0, 0, 0, 0, 0, 0, 0, 0, 0, 0, 0, 0, 5]
QKKKK 247 [0, 0, 0, 0, 0, 0, 0, 0, 0, 0, 0, 1, 4]
46K48 336 [0, 0, 0, 0, 0, 0, 0, 0, 0, 1, 1, 1, 2]
J6729 467 [0, 0, 0, 0, 0, 0, 0, 0, 0, 1, 1, 1, 2]
A22A6 269 [0, 0, 0, 0, 0, 0, 0, 0, 0, 0, 1, 2, 2]
6KQKK 584 [0, 0, 0, 0, 0, 0, 0, 0, 0, 0, 1, 1, 3]
68J86 961 [0, 0, 0, 0, 0, 0, 0, 0, 0, 0, 0, 2, 3]
8KK87 670 [0, 0, 0, 0, 0, 0, 0, 0, 0, 0, 1, 2, 2]
52656 542 [0, 0, 0, 0, 0, 0, 0, 0, 0, 0, 1, 2, 2]
Q4AJ3 394 [0, 0, 0, 0, 0, 0, 0, 0, 0, 1, 1, 1, 2]
79KJK 77 [0, 0, 0, 0, 0, 0, 0, 0, 0, 0, 1, 1, 3]
Q8965 139 [0, 0, 0, 0, 0, 0, 0, 0, 1, 1, 1, 1, 1]
44474 240 [0, 0, 0, 0, 0, 0, 0, 0, 0, 0, 0, 1, 4]
QJQQQ 434 [0, 0, 0, 0, 0, 0, 0, 0, 0, 0, 0, 0, 5]
AQ449 921 [0, 0, 0, 0, 0, 0, 0, 0, 0, 1, 1, 1, 2]
57A9J 996 [0, 0, 0, 0, 0, 0, 0, 0, 0, 1, 1, 1, 2]
J5835 817 [0, 0, 0, 0, 0, 0, 0, 0, 0, 0, 1, 1, 3]
QQKK3 818 [0, 0, 0, 0, 0, 0, 0, 0, 0, 0, 1, 2, 2]
3943J 13 [0, 0, 0, 0, 0, 0, 0, 0, 0, 0, 1, 1, 3]
4T7A5 956 [0, 0, 0, 0, 0, 0, 0, 0, 1, 1, 1, 1, 1]
44464 517 [0, 0, 0, 0, 0, 0, 0, 0, 0, 0, 0, 1, 4]
5A55J 48 [0, 0, 0, 0, 0, 0, 0, 0, 0, 0, 0, 1, 4]
2J254 722 [0, 0, 0, 0, 0, 0, 0, 0, 0, 0, 1, 1, 3]
9JAT5 487 [0, 0, 0, 0, 0, 0, 0, 0, 0, 1, 1, 1, 2]
Q4757 856 [0, 0, 0, 0, 0, 0, 0, 0, 0, 1, 1, 1, 2]
5Q55A 749 [0, 0, 0, 0, 0, 0, 0, 0, 0, 0, 1, 1, 3]
ATKJ5 82 [0, 0, 0, 0, 0, 0, 0, 0, 0, 1, 1, 1, 2]
J8588 142 [0, 0, 0, 0, 0, 0, 0, 0, 0, 0, 0, 1, 4]
646TQ 783 [0, 0, 0, 0, 0, 0, 0, 0, 0, 1, 1, 1, 2]
38J39 922 [0, 0, 0, 0, 0, 0, 0, 0, 0, 0, 1, 1, 3]
26J77 823 [0, 0, 0, 0, 0, 0, 0, 0, 0, 0, 1, 1, 3]
2TT4T 162 [0, 0, 0, 0, 0, 0, 0, 0, 0, 0, 1, 1, 3]
6666K 137 [0, 0, 0, 0, 0, 0, 0, 0, 0, 0, 0, 1, 4]
QQQ83 758 [0, 0, 0, 0, 0, 0, 0, 0, 0, 0, 1, 1, 3]
32KJT 733 [0, 0, 0, 0, 0, 0, 0, 0, 0, 1, 1, 1, 2]
4J9K8 353 [0, 0, 0, 0, 0, 0, 0, 0, 0, 1, 1, 1, 2]
KQJT7 501 [0, 0, 0, 0, 0, 0, 0, 0, 0, 1, 1, 1, 2]
6T6TK 982 [0, 0, 0, 0, 0, 0, 0, 0, 0, 0, 1, 2, 2]
Q42K9 147 [0, 0, 0, 0, 0, 0, 0, 0, 1, 1, 1, 1, 1]
8734Q 538 [0, 0, 0, 0, 0, 0, 0, 0, 1, 1, 1, 1, 1]
KKA67 794 [0, 0, 0, 0, 0, 0, 0, 0, 0, 1, 1, 1, 2]
JQKKA 804 [0, 0, 0, 0, 0, 0, 0, 0, 0, 0, 1, 1, 3]
QQ555 596 [0, 0, 0, 0, 0, 0, 0, 0, 0, 0, 0, 2, 3]
4JJ45 32 [0, 0, 0, 0, 0, 0, 0, 0, 0, 0, 0, 1, 4]
28383 904 [0, 0, 0, 0, 0, 0, 0, 0, 0, 0, 1, 2, 2]
T5Q45 38 [0, 0, 0, 0, 0, 0, 0, 0, 0, 1, 1, 1, 2]
5T5TJ 221 [0, 0, 0, 0, 0, 0, 0, 0, 0, 0, 0, 2, 3]
Q3K9A 29 [0, 0, 0, 0, 0, 0, 0, 0, 1, 1, 1, 1, 1]
99649 1 [0, 0, 0, 0, 0, 0, 0, 0, 0, 0, 1, 1, 3]
94247 146 [0, 0, 0, 0, 0, 0, 0, 0, 0, 1, 1, 1, 2]
4Q444 362 [0, 0, 0, 0, 0, 0, 0, 0, 0, 0, 0, 1, 4]
5637T 734 [0, 0, 0, 0, 0, 0, 0, 0, 1, 1, 1, 1, 1]
577TT 735 [0, 0, 0, 0, 0, 0, 0, 0, 0, 0, 1, 2, 2]
TT244 364 [0, 0, 0, 0, 0, 0, 0, 0, 0, 0, 1, 2, 2]
56QQQ 149 [0, 0, 0, 0, 0, 0, 0, 0, 0, 0, 1, 1, 3]
K2AQ3 144 [0, 0, 0, 0, 0, 0, 0, 0, 1, 1, 1, 1, 1]
9J959 493 [0, 0, 0, 0, 0, 0, 0, 0, 0, 0, 0, 1, 4]
66Q44 405 [0, 0, 0, 0, 0, 0, 0, 0, 0, 0, 1, 2, 2]
888K8 654 [0, 0, 0, 0, 0, 0, 0, 0, 0, 0, 0, 1, 4]
6J624 635 [0, 0, 0, 0, 0, 0, 0, 0, 0, 0, 1, 1, 3]
9QJKA 569 [0, 0, 0, 0, 0, 0, 0, 0, 0, 1, 1, 1, 2]
K8K5K 120 [0, 0, 0, 0, 0, 0, 0, 0, 0, 0, 1, 1, 3]
24443 344 [0, 0, 0, 0, 0, 0, 0, 0, 0, 0, 1, 1, 3]
6666T 197 [0, 0, 0, 0, 0, 0, 0, 0, 0, 0, 0, 1, 4]
6T747 740 [0, 0, 0, 0, 0, 0, 0, 0, 0, 1, 1, 1, 2]
54523 935 [0, 0, 0, 0, 0, 0, 0, 0, 0, 1, 1, 1, 2]
A96Q2 302 [0, 0, 0, 0, 0, 0, 0, 0, 1, 1, 1, 1, 1]
AJJJA 697 [0, 0, 0, 0, 0, 0, 0, 0, 0, 0, 0, 0, 5]
2T476 90 [0, 0, 0, 0, 0, 0, 0, 0, 1, 1, 1, 1, 1]
55444 403 [0, 0, 0, 0, 0, 0, 0, 0, 0, 0, 0, 2, 3]
QJ22Q 85 [0, 0, 0, 0, 0, 0, 0, 0, 0, 0, 0, 2, 3]
KK9KJ 254 [0, 0, 0, 0, 0, 0, 0, 0, 0, 0, 0, 1, 4]
4938T 156 [0, 0, 0, 0, 0, 0, 0, 0, 1, 1, 1, 1, 1]
5JT8J 741 [0, 0, 0, 0, 0, 0, 0, 0, 0, 0, 1, 1, 3]
Q55K3 527 [0, 0, 0, 0, 0, 0, 0, 0, 0, 1, 1, 1, 2]
627JK 894 [0, 0, 0, 0, 0, 0, 0, 0, 0, 1, 1, 1, 2]
T6245 917 [0, 0, 0, 0, 0, 0, 0, 0, 1, 1, 1, 1, 1]
44864 410 [0, 0, 0, 0, 0, 0, 0, 0, 0, 0, 1, 1, 3]
77QJ3 587 [0, 0, 0, 0, 0, 0, 0, 0, 0, 0, 1, 1, 3]
823A4 457 [0, 0, 0, 0, 0, 0, 0, 0, 1, 1, 1, 1, 1]
32323 259 [0, 0, 0, 0, 0, 0, 0, 0, 0, 0, 0, 2, 3]
9T94T 609 [0, 0, 0, 0, 0, 0, 0, 0, 0, 0, 1, 2, 2]
33J8K 158 [0, 0, 0, 0, 0, 0, 0, 0, 0, 0, 1, 1, 3]
7AK4K 201 [0, 0, 0, 0, 0, 0, 0, 0, 0, 1, 1, 1, 2]
44774 957 [0, 0, 0, 0, 0, 0, 0, 0, 0, 0, 0, 2, 3]
4Q45T 180 [0, 0, 0, 0, 0, 0, 0, 0, 0, 1, 1, 1, 2]
JA82K 978 [0, 0, 0, 0, 0, 0, 0, 0, 0, 1, 1, 1, 2]
333J5 872 [0, 0, 0, 0, 0, 0, 0, 0, 0, 0, 0, 1, 4]
J8948 267 [0, 0, 0, 0, 0, 0, 0, 0, 0, 0, 1, 1, 3]
99933 433 [0, 0, 0, 0, 0, 0, 0, 0, 0, 0, 0, 2, 3]
4T7JJ 563 [0, 0, 0, 0, 0, 0, 0, 0, 0, 0, 1, 1, 3]
85534 862 [0, 0, 0, 0, 0, 0, 0, 0, 0, 1, 1, 1, 2]
K7K8K 24 [0, 0, 0, 0, 0, 0, 0, 0, 0, 0, 1, 1, 3]
JTTKK 824 [0, 0, 0, 0, 0, 0, 0, 0, 0, 0, 0, 2, 3]
TQ8TT 803 [0, 0, 0, 0, 0, 0, 0, 0, 0, 0, 1, 1, 3]
62677 797 [0, 0, 0, 0, 0, 0, 0, 0, 0, 0, 1, 2, 2]
QQATT 965 [0, 0, 0, 0, 0, 0, 0, 0, 0, 0, 1, 2, 2]
QQ668 870 [0, 0, 0, 0, 0, 0, 0, 0, 0, 0, 1, 2, 2]
88724 551 [0, 0, 0, 0, 0, 0, 0, 0, 0, 1, 1, 1, 2]
T3T43 17 [0, 0, 0, 0, 0, 0, 0, 0, 0, 0, 1, 2, 2]
99749 275 [0, 0, 0, 0, 0, 0, 0, 0, 0, 0, 1, 1, 3]
7T6J2 977 [0, 0, 0, 0, 0, 0, 0, 0, 0, 1, 1, 1, 2]
67J77 203 [0, 0, 0, 0, 0, 0, 0, 0, 0, 0, 0, 1, 4]
6T789 167 [0, 0, 0, 0, 0, 0, 0, 0, 1, 1, 1, 1, 1]
22J28 639 [0, 0, 0, 0, 0, 0, 0, 0, 0, 0, 0, 1, 4]
26744 850 [0, 0, 0, 0, 0, 0, 0, 0, 0, 1, 1, 1, 2]
QQQ6Q 47 [0, 0, 0, 0, 0, 0, 0, 0, 0, 0, 0, 1, 4]
QA72T 554 [0, 0, 0, 0, 0, 0, 0, 0, 1, 1, 1, 1, 1]
3AT9T 897 [0, 0, 0, 0, 0, 0, 0, 0, 0, 1, 1, 1, 2]
QJTQ2 261 [0, 0, 0, 0, 0, 0, 0, 0, 0, 0, 1, 1, 3]
696JQ 631 [0, 0, 0, 0, 0, 0, 0, 0, 0, 0, 1, 1, 3]
9KKQJ 490 [0, 0, 0, 0, 0, 0, 0, 0, 0, 0, 1, 1, 3]
469T8 72 [0, 0, 0, 0, 0, 0, 0, 0, 1, 1, 1, 1, 1]
QAT42 951 [0, 0, 0, 0, 0, 0, 0, 0, 1, 1, 1, 1, 1]
AJ2AK 413 [0, 0, 0, 0, 0, 0, 0, 0, 0, 0, 1, 1, 3]
8AQ2T 297 [0, 0, 0, 0, 0, 0, 0, 0, 1, 1, 1, 1, 1]
AJ482 255 [0, 0, 0, 0, 0, 0, 0, 0, 0, 1, 1, 1, 2]
QQQKK 931 [0, 0, 0, 0, 0, 0, 0, 0, 0, 0, 0, 2, 3]
AJA7A 874 [0, 0, 0, 0, 0, 0, 0, 0, 0, 0, 0, 1, 4]
34532 368 [0, 0, 0, 0, 0, 0, 0, 0, 0, 1, 1, 1, 2]
74A44 945 [0, 0, 0, 0, 0, 0, 0, 0, 0, 0, 1, 1, 3]
88989 418 [0, 0, 0, 0, 0, 0, 0, 0, 0, 0, 0, 2, 3]
A2AAA 219 [0, 0, 0, 0, 0, 0, 0, 0, 0, 0, 0, 1, 4]
39999 857 [0, 0, 0, 0, 0, 0, 0, 0, 0, 0, 0, 1, 4]
J7774 687 [0, 0, 0, 0, 0, 0, 0, 0, 0, 0, 0, 1, 4]
Q9925 630 [0, 0, 0, 0, 0, 0, 0, 0, 0, 1, 1, 1, 2]
9JQ9Q 578 [0, 0, 0, 0, 0, 0, 0, 0, 0, 0, 0, 2, 3]
8AA38 689 [0, 0, 0, 0, 0, 0, 0, 0, 0, 0, 1, 2, 2]
8QA2A 427 [0, 0, 0, 0, 0, 0, 0, 0, 0, 1, 1, 1, 2]
Q6Q99 800 [0, 0, 0, 0, 0, 0, 0, 0, 0, 0, 1, 2, 2]
TTTTJ 399 [0, 0, 0, 0, 0, 0, 0, 0, 0, 0, 0, 0, 5]
AA822 614 [0, 0, 0, 0, 0, 0, 0, 0, 0, 0, 1, 2, 2]
ATT47 676 [0, 0, 0, 0, 0, 0, 0, 0, 0, 1, 1, 1, 2]
K2AAA 514 [0, 0, 0, 0, 0, 0, 0, 0, 0, 0, 1, 1, 3]
7J696 338 [0, 0, 0, 0, 0, 0, 0, 0, 0, 0, 1, 1, 3]
J3J87 88 [0, 0, 0, 0, 0, 0, 0, 0, 0, 0, 1, 1, 3]
55547 728 [0, 0, 0, 0, 0, 0, 0, 0, 0, 0, 1, 1, 3]
5A338 86 [0, 0, 0, 0, 0, 0, 0, 0, 0, 1, 1, 1, 2]
838T6 250 [0, 0, 0, 0, 0, 0, 0, 0, 0, 1, 1, 1, 2]
87QAK 970 [0, 0, 0, 0, 0, 0, 0, 0, 1, 1, 1, 1, 1]
795K7 723 [0, 0, 0, 0, 0, 0, 0, 0, 0, 1, 1, 1, 2]
7QTJ6 152 [0, 0, 0, 0, 0, 0, 0, 0, 0, 1, 1, 1, 2]
5A9KQ 494 [0, 0, 0, 0, 0, 0, 0, 0, 1, 1, 1, 1, 1]
KA4TK 650 [0, 0, 0, 0, 0, 0, 0, 0, 0, 1, 1, 1, 2]
Q2222 604 [0, 0, 0, 0, 0, 0, 0, 0, 0, 0, 0, 1, 4]
K5953 452 [0, 0, 0, 0, 0, 0, 0, 0, 0, 1, 1, 1, 2]
K2282 552 [0, 0, 0, 0, 0, 0, 0, 0, 0, 0, 1, 1, 3]
4K586 760 [0, 0, 0, 0, 0, 0, 0, 0, 1, 1, 1, 1, 1]
K4444 868 [0, 0, 0, 0, 0, 0, 0, 0, 0, 0, 0, 1, 4]
724AA 516 [0, 0, 0, 0, 0, 0, 0, 0, 0, 1, 1, 1, 2]
52224 55 [0, 0, 0, 0, 0, 0, 0, 0, 0, 0, 1, 1, 3]
35Q33 58 [0, 0, 0, 0, 0, 0, 0, 0, 0, 0, 1, 1, 3]
46644 331 [0, 0, 0, 0, 0, 0, 0, 0, 0, 0, 0, 2, 3]
T8325 888 [0, 0, 0, 0, 0, 0, 0, 0, 1, 1, 1, 1, 1]
9K229 388 [0, 0, 0, 0, 0, 0, 0, 0, 0, 0, 1, 2, 2]
779TT 920 [0, 0, 0, 0, 0, 0, 0, 0, 0, 0, 1, 2, 2]
97279 95 [0, 0, 0, 0, 0, 0, 0, 0, 0, 0, 1, 2, 2]
JJ374 450 [0, 0, 0, 0, 0, 0, 0, 0, 0, 0, 1, 1, 3]
8JJJJ 610 [0, 0, 0, 0, 0, 0, 0, 0, 0, 0, 0, 0, 5]
84497 217 [0, 0, 0, 0, 0, 0, 0, 0, 0, 1, 1, 1, 2]
8QK4J 233 [0, 0, 0, 0, 0, 0, 0, 0, 0, 1, 1, 1, 2]
KQ6T6 360 [0, 0, 0, 0, 0, 0, 0, 0, 0, 1, 1, 1, 2]
6637Q 53 [0, 0, 0, 0, 0, 0, 0, 0, 0, 1, 1, 1, 2]
KK7QJ 683 [0, 0, 0, 0, 0, 0, 0, 0, 0, 0, 1, 1, 3]
4828A 215 [0, 0, 0, 0, 0, 0, 0, 0, 0, 1, 1, 1, 2]
5TT55 990 [0, 0, 0, 0, 0, 0, 0, 0, 0, 0, 0, 2, 3]
J3768 536 [0, 0, 0, 0, 0, 0, 0, 0, 0, 1, 1, 1, 2]
ATKTK 846 [0, 0, 0, 0, 0, 0, 0, 0, 0, 0, 1, 2, 2]
5T9K4 780 [0, 0, 0, 0, 0, 0, 0, 0, 1, 1, 1, 1, 1]
2T8AT 502 [0, 0, 0, 0, 0, 0, 0, 0, 0, 1, 1, 1, 2]
7T776 712 [0, 0, 0, 0, 0, 0, 0, 0, 0, 0, 1, 1, 3]
KQ93Q 114 [0, 0, 0, 0, 0, 0, 0, 0, 0, 1, 1, 1, 2]
2474J 483 [0, 0, 0, 0, 0, 0, 0, 0, 0, 0, 1, 1, 3]
QQQ46 408 [0, 0, 0, 0, 0, 0, 0, 0, 0, 0, 1, 1, 3]
J5T82 718 [0, 0, 0, 0, 0, 0, 0, 0, 0, 1, 1, 1, 2]
834A9 688 [0, 0, 0, 0, 0, 0, 0, 0, 1, 1, 1, 1, 1]
JT977 615 [0, 0, 0, 0, 0, 0, 0, 0, 0, 0, 1, 1, 3]
69663 296 [0, 0, 0, 0, 0, 0, 0, 0, 0, 0, 1, 1, 3]
4A638 880 [0, 0, 0, 0, 0, 0, 0, 0, 1, 1, 1, 1, 1]
QQQA7 27 [0, 0, 0, 0, 0, 0, 0, 0, 0, 0, 1, 1, 3]
2K22K 377 [0, 0, 0, 0, 0, 0, 0, 0, 0, 0, 0, 2, 3]
29379 972 [0, 0, 0, 0, 0, 0, 0, 0, 0, 1, 1, 1, 2]
244J4 242 [0, 0, 0, 0, 0, 0, 0, 0, 0, 0, 0, 1, 4]
K8KKK 56 [0, 0, 0, 0, 0, 0, 0, 0, 0, 0, 0, 1, 4]
KTQKJ 891 [0, 0, 0, 0, 0, 0, 0, 0, 0, 0, 1, 1, 3]
87K5J 730 [0, 0, 0, 0, 0, 0, 0, 0, 0, 1, 1, 1, 2]
887AA 699 [0, 0, 0, 0, 0, 0, 0, 0, 0, 0, 1, 2, 2]
9QJQA 725 [0, 0, 0, 0, 0, 0, 0, 0, 0, 0, 1, 1, 3]
6J655 929 [0, 0, 0, 0, 0, 0, 0, 0, 0, 0, 0, 2, 3]
8692A 844 [0, 0, 0, 0, 0, 0, 0, 0, 1, 1, 1, 1, 1]
2QQQQ 194 [0, 0, 0, 0, 0, 0, 0, 0, 0, 0, 0, 1, 4]
TJ79Q 969 [0, 0, 0, 0, 0, 0, 0, 0, 0, 1, 1, 1, 2]
JATA9 128 [0, 0, 0, 0, 0, 0, 0, 0, 0, 0, 1, 1, 3]
8448J 103 [0, 0, 0, 0, 0, 0, 0, 0, 0, 0, 0, 2, 3]
9399J 953 [0, 0, 0, 0, 0, 0, 0, 0, 0, 0, 0, 1, 4]
98J77 371 [0, 0, 0, 0, 0, 0, 0, 0, 0, 0, 1, 1, 3]
TT3J5 192 [0, 0, 0, 0, 0, 0, 0, 0, 0, 0, 1, 1, 3]
J3655 924 [0, 0, 0, 0, 0, 0, 0, 0, 0, 0, 1, 1, 3]
6993K 616 [0, 0, 0, 0, 0, 0, 0, 0, 0, 1, 1, 1, 2]
J8788 979 [0, 0, 0, 0, 0, 0, 0, 0, 0, 0, 0, 1, 4]
K9KK3 756 [0, 0, 0, 0, 0, 0, 0, 0, 0, 0, 1, 1, 3]
57AQ4 671 [0, 0, 0, 0, 0, 0, 0, 0, 1, 1, 1, 1, 1]
88KQ7 955 [0, 0, 0, 0, 0, 0, 0, 0, 0, 1, 1, 1, 2]
6AAA6 843 [0, 0, 0, 0, 0, 0, 0, 0, 0, 0, 0, 2, 3]
9494J 105 [0, 0, 0, 0, 0, 0, 0, 0, 0, 0, 0, 2, 3]
6A2QQ 942 [0, 0, 0, 0, 0, 0, 0, 0, 0, 1, 1, 1, 2]
T222T 87 [0, 0, 0, 0, 0, 0, 0, 0, 0, 0, 0, 2, 3]
J9JA5 244 [0, 0, 0, 0, 0, 0, 0, 0, 0, 0, 1, 1, 3]
AKA4A 198 [0, 0, 0, 0, 0, 0, 0, 0, 0, 0, 1, 1, 3]
Q4635 558 [0, 0, 0, 0, 0, 0, 0, 0, 1, 1, 1, 1, 1]
2332T 889 [0, 0, 0, 0, 0, 0, 0, 0, 0, 0, 1, 2, 2]
AKQQ5 827 [0, 0, 0, 0, 0, 0, 0, 0, 0, 1, 1, 1, 2]
97QQQ 337 [0, 0, 0, 0, 0, 0, 0, 0, 0, 0, 1, 1, 3]
JT575 603 [0, 0, 0, 0, 0, 0, 0, 0, 0, 0, 1, 1, 3]
36336 478 [0, 0, 0, 0, 0, 0, 0, 0, 0, 0, 0, 2, 3]
4A43T 653 [0, 0, 0, 0, 0, 0, 0, 0, 0, 1, 1, 1, 2]
5QQ38 349 [0, 0, 0, 0, 0, 0, 0, 0, 0, 1, 1, 1, 2]
97777 776 [0, 0, 0, 0, 0, 0, 0, 0, 0, 0, 0, 1, 4]
TQ6TT 541 [0, 0, 0, 0, 0, 0, 0, 0, 0, 0, 1, 1, 3]
57775 258 [0, 0, 0, 0, 0, 0, 0, 0, 0, 0, 0, 2, 3]
68KKK 469 [0, 0, 0, 0, 0, 0, 0, 0, 0, 0, 1, 1, 3]
92224 121 [0, 0, 0, 0, 0, 0, 0, 0, 0, 0, 1, 1, 3]
4853Q 476 [0, 0, 0, 0, 0, 0, 0, 0, 1, 1, 1, 1, 1]
2Q695 273 [0, 0, 0, 0, 0, 0, 0, 0, 1, 1, 1, 1, 1]
2J626 732 [0, 0, 0, 0, 0, 0, 0, 0, 0, 0, 0, 2, 3]
6A328 246 [0, 0, 0, 0, 0, 0, 0, 0, 1, 1, 1, 1, 1]
5QT27 959 [0, 0, 0, 0, 0, 0, 0, 0, 1, 1, 1, 1, 1]
KJJ77 658 [0, 0, 0, 0, 0, 0, 0, 0, 0, 0, 0, 1, 4]
4K6KK 310 [0, 0, 0, 0, 0, 0, 0, 0, 0, 0, 1, 1, 3]
JAK66 28 [0, 0, 0, 0, 0, 0, 0, 0, 0, 0, 1, 1, 3]
QQK4K 16 [0, 0, 0, 0, 0, 0, 0, 0, 0, 0, 1, 2, 2]
K4923 752 [0, 0, 0, 0, 0, 0, 0, 0, 1, 1, 1, 1, 1]
57555 482 [0, 0, 0, 0, 0, 0, 0, 0, 0, 0, 0, 1, 4]
46T5T 550 [0, 0, 0, 0, 0, 0, 0, 0, 0, 1, 1, 1, 2]
333Q3 496 [0, 0, 0, 0, 0, 0, 0, 0, 0, 0, 0, 1, 4]
2Q93J 755 [0, 0, 0, 0, 0, 0, 0, 0, 0, 1, 1, 1, 2]
778J3 751 [0, 0, 0, 0, 0, 0, 0, 0, 0, 0, 1, 1, 3]
K77KJ 276 [0, 0, 0, 0, 0, 0, 0, 0, 0, 0, 0, 2, 3]
76A96 947 [0, 0, 0, 0, 0, 0, 0, 0, 0, 1, 1, 1, 2]
QTT7T 335 [0, 0, 0, 0, 0, 0, 0, 0, 0, 0, 1, 1, 3]
4T9K6 997 [0, 0, 0, 0, 0, 0, 0, 0, 1, 1, 1, 1, 1]
26926 512 [0, 0, 0, 0, 0, 0, 0, 0, 0, 0, 1, 2, 2]
66464 522 [0, 0, 0, 0, 0, 0, 0, 0, 0, 0, 0, 2, 3]
59997 787 [0, 0, 0, 0, 0, 0, 0, 0, 0, 0, 1, 1, 3]
K462A 508 [0, 0, 0, 0, 0, 0, 0, 0, 1, 1, 1, 1, 1]
K4K7K 333 [0, 0, 0, 0, 0, 0, 0, 0, 0, 0, 1, 1, 3]
Q3Q3Q 707 [0, 0, 0, 0, 0, 0, 0, 0, 0, 0, 0, 2, 3]
A3TKK 772 [0, 0, 0, 0, 0, 0, 0, 0, 0, 1, 1, 1, 2]
7T7J7 44 [0, 0, 0, 0, 0, 0, 0, 0, 0, 0, 0, 1, 4]
TAK54 455 [0, 0, 0, 0, 0, 0, 0, 0, 1, 1, 1, 1, 1]
44JKQ 287 [0, 0, 0, 0, 0, 0, 0, 0, 0, 0, 1, 1, 3]
TQK49 748 [0, 0, 0, 0, 0, 0, 0, 0, 1, 1, 1, 1, 1]
37335 577 [0, 0, 0, 0, 0, 0, 0, 0, 0, 0, 1, 1, 3]
Q743J 200 [0, 0, 0, 0, 0, 0, 0, 0, 0, 1, 1, 1, 2]
Q4A45 236 [0, 0, 0, 0, 0, 0, 0, 0, 0, 1, 1, 1, 2]
KJ62K 288 [0, 0, 0, 0, 0, 0, 0, 0, 0, 0, 1, 1, 3]
544K5 76 [0, 0, 0, 0, 0, 0, 0, 0, 0, 0, 1, 2, 2]
TTTJJ 693 [0, 0, 0, 0, 0, 0, 0, 0, 0, 0, 0, 0, 5]
89999 96 [0, 0, 0, 0, 0, 0, 0, 0, 0, 0, 0, 1, 4]
K8JKK 351 [0, 0, 0, 0, 0, 0, 0, 0, 0, 0, 0, 1, 4]
5JAT8 778 [0, 0, 0, 0, 0, 0, 0, 0, 0, 1, 1, 1, 2]
TAAJT 67 [0, 0, 0, 0, 0, 0, 0, 0, 0, 0, 0, 2, 3]
39339 911 [0, 0, 0, 0, 0, 0, 0, 0, 0, 0, 0, 2, 3]
997K6 329 [0, 0, 0, 0, 0, 0, 0, 0, 0, 1, 1, 1, 2]
5JK88 876 [0, 0, 0, 0, 0, 0, 0, 0, 0, 0, 1, 1, 3]
338QQ 530 [0, 0, 0, 0, 0, 0, 0, 0, 0, 0, 1, 2, 2]
88889 937 [0, 0, 0, 0, 0, 0, 0, 0, 0, 0, 0, 1, 4]
884T8 526 [0, 0, 0, 0, 0, 0, 0, 0, 0, 0, 1, 1, 3]
382QA 320 [0, 0, 0, 0, 0, 0, 0, 0, 1, 1, 1, 1, 1]
86Q35 764 [0, 0, 0, 0, 0, 0, 0, 0, 1, 1, 1, 1, 1]
KQ38A 412 [0, 0, 0, 0, 0, 0, 0, 0, 1, 1, 1, 1, 1]
AA7A8 358 [0, 0, 0, 0, 0, 0, 0, 0, 0, 0, 1, 1, 3]
22Q2K 637 [0, 0, 0, 0, 0, 0, 0, 0, 0, 0, 1, 1, 3]
A22JK 248 [0, 0, 0, 0, 0, 0, 0, 0, 0, 0, 1, 1, 3]
59855 906 [0, 0, 0, 0, 0, 0, 0, 0, 0, 0, 1, 1, 3]
33AJ3 347 [0, 0, 0, 0, 0, 0, 0, 0, 0, 0, 0, 1, 4]
42T2Q 108 [0, 0, 0, 0, 0, 0, 0, 0, 0, 1, 1, 1, 2]
AQ2T6 99 [0, 0, 0, 0, 0, 0, 0, 0, 1, 1, 1, 1, 1]
8KATJ 651 [0, 0, 0, 0, 0, 0, 0, 0, 0, 1, 1, 1, 2]
9JQTT 832 [0, 0, 0, 0, 0, 0, 0, 0, 0, 0, 1, 1, 3]
84847 451 [0, 0, 0, 0, 0, 0, 0, 0, 0, 0, 1, 2, 2]
52K8K 453 [0, 0, 0, 0, 0, 0, 0, 0, 0, 1, 1, 1, 2]
K6553 54 [0, 0, 0, 0, 0, 0, 0, 0, 0, 1, 1, 1, 2]
87778 499 [0, 0, 0, 0, 0, 0, 0, 0, 0, 0, 0, 2, 3]
TAAJA 223 [0, 0, 0, 0, 0, 0, 0, 0, 0, 0, 0, 1, 4]
38298 643 [0, 0, 0, 0, 0, 0, 0, 0, 0, 1, 1, 1, 2]
5557Q 841 [0, 0, 0, 0, 0, 0, 0, 0, 0, 0, 1, 1, 3]
9K6K9 448 [0, 0, 0, 0, 0, 0, 0, 0, 0, 0, 1, 2, 2]
77J73 617 [0, 0, 0, 0, 0, 0, 0, 0, 0, 0, 0, 1, 4]
555K5 976 [0, 0, 0, 0, 0, 0, 0, 0, 0, 0, 0, 1, 4]
A38T4 968 [0, 0, 0, 0, 0, 0, 0, 0, 1, 1, 1, 1, 1]
3333A 472 [0, 0, 0, 0, 0, 0, 0, 0, 0, 0, 0, 1, 4]
5KJ74 866 [0, 0, 0, 0, 0, 0, 0, 0, 0, 1, 1, 1, 2]
7JJ8K 708 [0, 0, 0, 0, 0, 0, 0, 0, 0, 0, 1, 1, 3]
J55Q5 714 [0, 0, 0, 0, 0, 0, 0, 0, 0, 0, 0, 1, 4]
58KA4 795 [0, 0, 0, 0, 0, 0, 0, 0, 1, 1, 1, 1, 1]
AAAA4 488 [0, 0, 0, 0, 0, 0, 0, 0, 0, 0, 0, 1, 4]
Q8QQ7 45 [0, 0, 0, 0, 0, 0, 0, 0, 0, 0, 1, 1, 3]
58A55 311 [0, 0, 0, 0, 0, 0, 0, 0, 0, 0, 1, 1, 3]
27T7T 3 [0, 0, 0, 0, 0, 0, 0, 0, 0, 0, 1, 2, 2]
2J4KA 43 [0, 0, 0, 0, 0, 0, 0, 0, 0, 1, 1, 1, 2]
TT3T9 159 [0, 0, 0, 0, 0, 0, 0, 0, 0, 0, 1, 1, 3]
475K6 109 [0, 0, 0, 0, 0, 0, 0, 0, 1, 1, 1, 1, 1]
48844 323 [0, 0, 0, 0, 0, 0, 0, 0, 0, 0, 0, 2, 3]
4T2T2 186 [0, 0, 0, 0, 0, 0, 0, 0, 0, 0, 1, 2, 2]
Q7A7J 218 [0, 0, 0, 0, 0, 0, 0, 0, 0, 0, 1, 1, 3]
JTJA6 744 [0, 0, 0, 0, 0, 0, 0, 0, 0, 0, 1, 1, 3]
J96J4 721 [0, 0, 0, 0, 0, 0, 0, 0, 0, 0, 1, 1, 3]
8TT88 41 [0, 0, 0, 0, 0, 0, 0, 0, 0, 0, 0, 2, 3]
Q5T96 417 [0, 0, 0, 0, 0, 0, 0, 0, 1, 1, 1, 1, 1]
QTA6T 213 [0, 0, 0, 0, 0, 0, 0, 0, 0, 1, 1, 1, 2]
68A33 169 [0, 0, 0, 0, 0, 0, 0, 0, 0, 1, 1, 1, 2]
J3TT8 34 [0, 0, 0, 0, 0, 0, 0, 0, 0, 0, 1, 1, 3]
44JK8 14 [0, 0, 0, 0, 0, 0, 0, 0, 0, 0, 1, 1, 3]
29983 540 [0, 0, 0, 0, 0, 0, 0, 0, 0, 1, 1, 1, 2]
3666J 845 [0, 0, 0, 0, 0, 0, 0, 0, 0, 0, 0, 1, 4]
436J2 685 [0, 0, 0, 0, 0, 0, 0, 0, 0, 1, 1, 1, 2]
88A88 597 [0, 0, 0, 0, 0, 0, 0, 0, 0, 0, 0, 1, 4]
889J9 313 [0, 0, 0, 0, 0, 0, 0, 0, 0, 0, 0, 2, 3]
77754 848 [0, 0, 0, 0, 0, 0, 0, 0, 0, 0, 1, 1, 3]
2TA99 406 [0, 0, 0, 0, 0, 0, 0, 0, 0, 1, 1, 1, 2]
5KK5K 535 [0, 0, 0, 0, 0, 0, 0, 0, 0, 0, 0, 2, 3]
3KJ75 547 [0, 0, 0, 0, 0, 0, 0, 0, 0, 1, 1, 1, 2]
67666 662 [0, 0, 0, 0, 0, 0, 0, 0, 0, 0, 0, 1, 4]
9T634 231 [0, 0, 0, 0, 0, 0, 0, 0, 1, 1, 1, 1, 1]
QTQQQ 299 [0, 0, 0, 0, 0, 0, 0, 0, 0, 0, 0, 1, 4]
J993T 745 [0, 0, 0, 0, 0, 0, 0, 0, 0, 0, 1, 1, 3]
87Q98 155 [0, 0, 0, 0, 0, 0, 0, 0, 0, 1, 1, 1, 2]
AAAKQ 376 [0, 0, 0, 0, 0, 0, 0, 0, 0, 0, 1, 1, 3]
36Q43 696 [0, 0, 0, 0, 0, 0, 0, 0, 0, 1, 1, 1, 2]
67K67 952 [0, 0, 0, 0, 0, 0, 0, 0, 0, 0, 1, 2, 2]
25Q47 739 [0, 0, 0, 0, 0, 0, 0, 0, 1, 1, 1, 1, 1]
44424 228 [0, 0, 0, 0, 0, 0, 0, 0, 0, 0, 0, 1, 4]
K22JQ 941 [0, 0, 0, 0, 0, 0, 0, 0, 0, 0, 1, 1, 3]
5434Q 232 [0, 0, 0, 0, 0, 0, 0, 0, 0, 1, 1, 1, 2]
8AA6Q 5 [0, 0, 0, 0, 0, 0, 0, 0, 0, 1, 1, 1, 2]
58J55 625 [0, 0, 0, 0, 0, 0, 0, 0, 0, 0, 0, 1, 4]
37535 153 [0, 0, 0, 0, 0, 0, 0, 0, 0, 0, 1, 2, 2]
66868 572 [0, 0, 0, 0, 0, 0, 0, 0, 0, 0, 0, 2, 3]
87788 384 [0, 0, 0, 0, 0, 0, 0, 0, 0, 0, 0, 2, 3]
J5993 860 [0, 0, 0, 0, 0, 0, 0, 0, 0, 0, 1, 1, 3]
K42K4 402 [0, 0, 0, 0, 0, 0, 0, 0, 0, 0, 1, 2, 2]
59Q7T 944 [0, 0, 0, 0, 0, 0, 0, 0, 1, 1, 1, 1, 1]
J2475 495 [0, 0, 0, 0, 0, 0, 0, 0, 0, 1, 1, 1, 2]
KKKK7 773 [0, 0, 0, 0, 0, 0, 0, 0, 0, 0, 0, 1, 4]
9K5Q2 341 [0, 0, 0, 0, 0, 0, 0, 0, 1, 1, 1, 1, 1]
9AQAQ 594 [0, 0, 0, 0, 0, 0, 0, 0, 0, 0, 1, 2, 2]
T5974 181 [0, 0, 0, 0, 0, 0, 0, 0, 1, 1, 1, 1, 1]
42442 901 [0, 0, 0, 0, 0, 0, 0, 0, 0, 0, 0, 2, 3]
T6TTT 932 [0, 0, 0, 0, 0, 0, 0, 0, 0, 0, 0, 1, 4]
25895 268 [0, 0, 0, 0, 0, 0, 0, 0, 0, 1, 1, 1, 2]
44484 212 [0, 0, 0, 0, 0, 0, 0, 0, 0, 0, 0, 1, 4]
88J63 588 [0, 0, 0, 0, 0, 0, 0, 0, 0, 0, 1, 1, 3]
22777 102 [0, 0, 0, 0, 0, 0, 0, 0, 0, 0, 0, 2, 3]
Q7K77 991 [0, 0, 0, 0, 0, 0, 0, 0, 0, 0, 1, 1, 3]
QK9K9 235 [0, 0, 0, 0, 0, 0, 0, 0, 0, 0, 1, 2, 2]
J4544 205 [0, 0, 0, 0, 0, 0, 0, 0, 0, 0, 0, 1, 4]
7K523 985 [0, 0, 0, 0, 0, 0, 0, 0, 1, 1, 1, 1, 1]
T4246 566 [0, 0, 0, 0, 0, 0, 0, 0, 0, 1, 1, 1, 2]
9TQ3A 466 [0, 0, 0, 0, 0, 0, 0, 0, 1, 1, 1, 1, 1]
884JT 644 [0, 0, 0, 0, 0, 0, 0, 0, 0, 0, 1, 1, 3]
59995 84 [0, 0, 0, 0, 0, 0, 0, 0, 0, 0, 0, 2, 3]
7772J 853 [0, 0, 0, 0, 0, 0, 0, 0, 0, 0, 0, 1, 4]
JJ882 318 [0, 0, 0, 0, 0, 0, 0, 0, 0, 0, 0, 1, 4]
25522 923 [0, 0, 0, 0, 0, 0, 0, 0, 0, 0, 0, 2, 3]
TTT9J 189 [0, 0, 0, 0, 0, 0, 0, 0, 0, 0, 0, 1, 4]
23333 378 [0, 0, 0, 0, 0, 0, 0, 0, 0, 0, 0, 1, 4]
58J85 141 [0, 0, 0, 0, 0, 0, 0, 0, 0, 0, 0, 2, 3]
7K45K 567 [0, 0, 0, 0, 0, 0, 0, 0, 0, 1, 1, 1, 2]
JJ777 71 [0, 0, 0, 0, 0, 0, 0, 0, 0, 0, 0, 0, 5]
74A47 875 [0, 0, 0, 0, 0, 0, 0, 0, 0, 0, 1, 2, 2]
2J848 655 [0, 0, 0, 0, 0, 0, 0, 0, 0, 0, 1, 1, 3]
93K65 966 [0, 0, 0, 0, 0, 0, 0, 0, 1, 1, 1, 1, 1]
{0: [], 1: ['23D7F 878', '25D47 739', '26B7F 345', '27B34 134', '2897E 321', '2935E 543', '2B476 90', '2B6D5 559', '2D695 273', '2E597 742', '3298F 325', '3562B 877', '3769F 429', '37E2F 348', '37F25 300', '382DF 320', '39E28 665', '3B549 811', '469B8 72', '4732F 420', '473D6 988', '475E6 109', '4853D 476', '4938B 156', '49586 515', '4B7F5 956', '4B9E6 997', '4E586 760', '4F2B5 984', '4F638 880', '4FE87 78', '52B67 177', '53D8E 257', '5637B 734', '57FD4 671', '58EF4 795', '592F6 449', '59873 555', '59D7B 944', '5B9E4 780', '5BE47 395', '5DB27 959', '5DE4F 474', '5E6D2 971', '5F9ED 494', '6347F 497', '654F9 700', '687F5 528', '694B2 679', '6B789 167', '6F328 246', '6F583 814', '6FB54 79', '72D5F 908', '73F6B 106', '74E28 523', '75468 282', '75496 4', '754BD 74', '75682 960', '78B2F 112', '7DE65 716', '7E523 985', '7F6D9 220', '823F4 457', '834F9 688', '84697 581', '85926 435', '8692F 844', '86D35 764', '8734D 538', '87DFE 970', '8D6FB 973', '8D756 163', '8E3FB 934', '8F294 57', '8FD2B 297', '8FE5D 230', '93528 31', '93B5F 365', '93E65 966', '95E3D 279', '97DFB 143', '9B634 231', '9BD3F 466', '9E584 564', '9E5D2 341', '9E8D4 464', 'B2784 59', 'B3785 237', 'B3F68 432', 'B42F8 624', 'B4E3F 847', 'B5297 133', 'B5974 181', 'B6245 917', 'B6379 661', 'B6782 898', 'B74FD 304', 'B8275 436', 'B8325 888', 'B8F47 613', 'BD5E8 819', 'BDE49 748', 'BF259 173', 'BFE54 455', 'D3749 295', 'D38B2 709', 'D3E9F 29', 'D42E9 147', 'D4578 294', 'D4635 558', 'D46E3 20', 'D5B96 417', 'D8965 139', 'D9756 30', 'D9B6E 513', 'DB95E 285', 'DE327 750', 'DF459 456', 'DF72B 554', 'DFB42 951', 'E268B 967', 'E2FD3 144', 'E3BD7 115', 'E462F 508', 'E4923 752', 'E5B89 243', 'E6945 322', 'E8693 871', 'E896F 93', 'ED38F 412', 'ED467 64', 'ED8F9 608', 'EF749 40', 'EFD25 927', 'F38B4 968', 'F568D 98', 'F5BD9 805', 'F6E78 160', 'F75B9 425', 'F7D8B 983', 'F83E4 905', 'F96D2 302', 'F984D 821', 'FD2B6 99', 'FEB86 936'], 2: ['12357 196', '12475 495', '13768 536', '14739 816', '1547B 595', '15B82 718', '165FE 801', '16729 467', '17495 628', '1EF93 887', '1F82E 978', '1F946 582', '214EF 43', '21876 713', '21B9E 136', '229DF 633', '23FD3 600', '244F5 465', '25328 815', '25895 268', '26744 850', '29379 972', '29983 540', '2B8FB 502', '2BF99 406', '2D931 755', '2DB2E 75', '2DD76 510', '2EE75 339', '31698 837', '32E1B 733', '34532 368', '352E2 94', '36D43 696', '37627 873', '38298 643', '38466 461', '39FFB 424', '3D1FE 241', '3DD89 446', '3E175 547', '3FB9B 897', '419E8 353', '42B2D 108', '43612 685', '45618 15', '46526 327', '46887 704', '46B5B 550', '46E48 336', '4828F 215', '4B6B8 544', '4D45B 180', '4E921 33', '4E93E 928', '4F43B 653', '51FB8 778', '52E8E 453', '537EE 225', '5434D 232', '54523 935', '57F91 996', '5841B 743', '5918F 692', '5DB21 854', '5DD38 349', '5E174 866', '5F321 943', '5F338 86', '5F81E 447', '6132B 380', '61D3F 459', '61F9E 950', '62157 890', '622B7 622', '6271E 894', '62757 575', '646BD 783', '6637D 53', '66F53 793', '6737D 641', '67B33 444', '68F33 169', '6993E 616', '6B747 740', '6BFF4 286', '6D123 746', '6D31B 909', '6F2DD 942', '6FD18 439', '71FED 812', '724FF 516', '7343B 829', '7553E 352', '76BBF 858', '76F96 947', '795E7 723', '7B612 977', '7D228 557', '7DB15 363', '7DB16 152', '7DF72 498', '7E45E 567', '7FE4E 201', '8149D 458', '82279 283', '83519 601', '838B6 250', '84497 217', '85534 862', '862E6 369', '8744E 727', '87D98 155', '87E51 730', '88724 551', '88D63 274', '88ED7 955', '89B14 245', '8B646 431', '8BD3D 252', '8BEB2 393', '8D12F 239', '8D478 409', '8D867 574', '8DE41 233', '8DF2F 427', '8E4D8 910', '8EE2D 317', '8EFB1 651', '8F7B1 682', '8FF6D 5', '91FB5 487', '94247 146', '94359 140', '95752 486', '993EF 185', '997E6 329', '998E7 642', '9D1EF 569', '9E2E4 161', '9F1E8 556', '9F94E 193', '9FDD4 729', 'B179D 969', 'B3242 835', 'B4246 566', 'B436B 605', 'B552E 251', 'B588D 70', 'B5D45 38', 'B61FE 586', 'B9388 902', 'BB794 539', 'BD7B2 206', 'BE47B 166', 'BF481 618', 'BFB26 715', 'D2962 468', 'D2D39 895', 'D2FFB 280', 'D4757 856', 'D4F13 394', 'D4F45 236', 'D55E3 527', 'D691B 939', 'D7431 200', 'D9925 630', 'DBF6B 213', 'DD4E3 253', 'DFEDB 925', 'DFEF8 367', 'E5953 452', 'E6553 54', 'E8B87 260', 'E9928 65', 'ED1B7 501', 'ED6B6 360', 'ED93D 114', 'EE985 42', 'EEF67 794', 'EF4BE 650', 'F1482 255', 'F2E92 123', 'F3BEE 772', 'F58F2 481', 'F5D85 553', 'F797B 663', 'F7E1B 309', 'F8646 135', 'F9371 37', 'F9BB5 560', 'F9BEE 39', 'FBB47 676', 'FBE15 82', 'FD449 921', 'FD4EF 422', 'FE261 964', 'FEDD5 827'], 3: ['22959 426', '2332B 889', '2424B 737', '26926 512', '27B7B 3', '282D8 428', '28383 904', '2B5B2 759', '32263 314', '33299 652', '33484 401', '338DD 530', '33EE5 308', '34394 963', '36344 127', '37374 627', '37535 153', '37D7D 612', '3B7B7 806', '3E636 623', '3E8E8 903', '3F773 50', '45F5F 886', '48989 825', '4B2B2 186', '4DBB4 138', '4F455 49', '4FF42 10', '4FF45 61', '52253 151', '52454 443', '52656 542', '53F3F 763', '544E5 76', '56856 92', '577BB 735', '5D5DE 249', '5DD25 132', '5E5E9 372', '62677 797', '66B9B 519', '66D44 405', '67E67 952', '68585 598', '6B464 36', '6B6BE 982', '74F47 875', '779BB 920', '78876 8', '797F9 562', '7E7E3 316', '7FF99 485', '84486 178', '84847 451', '84854 864', '887FF 699', '8D8D7 62', '8DD77 774', '8DD83 992', '8EE87 670', '8FF38 689', '8FFDD 809', '94DD9 415', '96677 477', '97279 95', '99533 521', '9B94B 609', '9E229 388', '9E6E9 448', '9FDFD 594', 'B3B43 17', 'B633B 208', 'B7FBF 620', 'B828B 933', 'BB244 364', 'BB989 277', 'BF5FB 292', 'D399D 116', 'D557D 691', 'D6D99 800', 'D7BB7 68', 'D822D 954', 'DB5D5 879', 'DD433 520', 'DD668 870', 'DDE4E 16', 'DDEE3 818', 'DDFBB 965', 'DE9E9 235', 'E42E4 402', 'E4334 2', 'E4949 442', 'E6464 381', 'E7373 484', 'E9BBE 392', 'ED66D 590', 'ED66E 525', 'EDDEF 500', 'EFE99 591', 'F22F6 269', 'F22F9 974', 'F4FB4 993', 'F8BB8 914', 'FBEBE 846', 'FEE77 256', 'FF822 614', 'FFD7D 989'], 4: ['11374 450', '12858 636', '12EB2 649', '13187 88', '13655 924', '13BB8 34', '13F4F 124', '143E4 851', '14EE7 706', '15835 817', '15935 506', '15993 860', '15B88 789', '16488 634', '16F17 385', '17E61 511', '18477 674', '18478 489', '1891B 129', '18948 267', '18959 375', '191F5 244', '19614 721', '19649 389', '1993B 745', '1B1F6 744', '1B575 603', '1B977 615', '1D4DB 534', '1DEEF 804', '1E941 524', '1F228 782', '1FBF9 128', '1FE66 28', '21254 722', '21848 655', '21B62 398', '21FF9 224', '22279 104', '222E6 861', '22342 545', '22D2E 637', '24443 344', '24741 483', '26177 823', '27115 686', '27141 202', '2922B 1000', '29331 678', '2BB4B 162', '2BD22 987', '2E51E 768', '31169 154', '31432 786', '319BB 629', '31B37 463', '32522 684', '3318E 158', '33B19 414', '34888 326', '35D33 58', '3616F 97', '36671 791', '37335 577', '37888 657', '38139 922', '39431 13', '3B1DB 668', '3DE31 289', '3E777 532', '3EEEB 703', '3F373 278', '4166E 263', '441E8 14', '441ED 287', '4447E 227', '44864 410', '44874 357', '4544F 680', '45666 19', '47445 724', '477E7 26', '48124 238', '4944E 492', '4B244 589', '4B711 563', '4D2DD 548', '4E6EE 310', '51B81 741', '51E88 876', '52224 55', '53339 762', '5351D 411', '5512E 81', '55258 766', '5535B 504', '55458 340', '55547 728', '5557D 841', '56DDD 149', '58F55 311', '59855 906', '59997 787', '5D55F 749', '5E1B5 672', '61447 303', '61624 635', '6212E 445', '63646 293', '64443 370', '65686 298', '65716 291', '6612E 396', '6664B 747', '671D7 266', '68167 391', '68EEE 469', '6961D 631', '69663 296', '69D66 690', '69FFF 430', '6D566 460', '6ED61 962', '6EDEE 584', '6F888 404', '7118E 708', '71696 338', '71E88 640', '71FFD 580', '74F44 945', '75977 328', '77276 382', '77419 798', '77754 848', '77813 751', '77D13 587', '79E1E 77', '7B773 731', '7B776 712', '7D131 770', '7D197 694', '811B3 775', '81DD2 383', '82187 89', '82898 883', '8333E 361', '84858 788', '86991 172', '88163 588', '8841B 644', '884B8 526', '888B7 491', '88B16 767', '88E85 593', '8E681 839', '91866 565', '91DBB 832', '92224 121', '93179 100', '93338 836', '94915 473', '9499B 211', '96444 179', '97477 332', '97DDD 337', '98177 371', '989B9 529', '99395 209', '99398 946', '99649 1', '99749 275', '998F9 561', '999E2 21', '9D1DF 725', '9E691 145', '9EED1 490', '9F219 191', '9FB1B 892', '9FF31 183', '9FFF2 343', '9FFF3 374', 'B1F21 509', 'B4F44 23', 'B6668 822', 'BB17D 834', 'BB315 192', 'BB3B9 159', 'BD19D 645', 'BD6BB 541', 'BD8BB 803', 'D1885 899', 'D1BD2 261', 'D1EFF 568', 'D222F 126', 'D3666 119', 'D7E77 991', 'D7F71 218', 'D831D 334', 'D8DD7 45', 'DB177 355', 'DB313 91', 'DB999 669', 'DBB7B 335', 'DDD3F 820', 'DDD46 408', 'DDD83 758', 'DDDB8 607', 'DDDF7 27', 'E162E 288', 'E1FE6 753', 'E221D 941', 'E2282 552', 'E2FFF 514', 'E4E7E 333', 'E5777 833', 'E7E8E 24', 'E8838 830', 'E8DEE 981', 'E8E5E 120', 'E91EF 711', 'E9EE3 756', 'EBDE1 891', 'EE127 330', 'EE7D1 683', 'EEDE7 810', 'EEE37 994', 'EEE6B 416', 'EEEB5 441', 'EFB1B 659', 'F12FE 413', 'F1F73 796', 'F221E 248', 'F3132 986', 'F3E1F 503', 'F5595 262', 'F5FEF 148', 'FB1B8 771', 'FEF4F 198', 'FF2F8 73', 'FF7F8 358', 'FFF23 838', 'FFFED 376'], 5: ['13993 719', '15353 546', '1BBEE 824', '1BDDB 7', '21626 732', '22777 102', '25255 913', '25522 923', '26226 940', '26266 187', '29929 619', '2E22E 377', '2FF21 885', '32132 199', '32323 259', '33838 638', '33DD3 471', '34134 419', '36336 478', '37773 602', '39339 911', '3BBB3 606', '3F3F1 583', '42242 226', '42442 901', '44343 999', '44774 957', '46644 331', '48844 323', '51445 270', '54455 570', '55353 926', '55444 403', '55858 113', '55BBB 647', '57775 258', '58185 141', '59995 84', '5B5B1 221', '5BB55 990', '5EE15 842', '5EE5E 535', '61655 929', '66363 52', '66464 522', '66677 346', '66868 572', '66D6D 131', '66F6F 312', '68186 961', '69669 272', '6B61B 915', '6FFF6 843', '73373 107', '76677 373', '77979 222', '77FFF 666', '7D7D7 537', '7FF71 632', '7FF77 881', '82218 893', '84481 103', '84488 234', '87778 499', '87788 384', '88558 46', '888FF 790', '88919 313', '88989 418', '88DDD 828', '88E1E 170', '8BB88 41', '8DD18 792', '8DD88 660', '91D9D 578', '92192 710', '94941 105', '96961 264', '98998 912', '99933 433', '99977 701', 'B222B 87', 'B3B31 63', 'B41B4 677', 'B7BB7 407', 'BBDBD 35', 'BFF1B 67', 'D122D 85', 'D3D3D 707', 'D515D 761', 'D6DD6 852', 'DBDDB 164', 'DD2D2 390', 'DD331 117', 'DD555 596', 'DDDEE 931', 'E1FFE 110', 'E2E2E 150', 'E77E1 276', 'E9E91 204', 'EBEBE 576', 'EE4E4 675', 'EE77E 301', 'EE888 319', 'EEEFF 175', 'F1FDD 531', 'F22F2 229', 'FBBFF 290', 'FDDFD 779', 'FDDFF 656', 'FF4F4 907', 'FF88F 813'], 6: ['11882 318', '11F1B 754', '12131 118', '131FF 324', '14544 205', '15195 695', '155D5 714', '17774 687', '1777E 930', '18588 142', '18788 979', '18988 884', '18FFF 667', '191D9 475', '1B1FF 826', '1DD3D 11', '1DEE1 648', '1E222 397', '1F414 130', '22128 639', '22191 60', '22226 781', '22232 9', '22312 900', '22F21 799', '22F22 207', '23333 378', '24222 807', '24414 242', '27222 305', '28188 315', '2DDDD 194', '31343 840', '31431 507', '33315 872', '33335 400', '3333F 472', '333B1 214', '333D3 496', '33933 882', '33F13 347', '36661 845', '36666 646', '37333 802', '39999 857', '41145 32', '41844 359', '441E4 720', '44424 228', '44464 517', '44474 240', '44484 212', '45155 80', '4D444 362', '4E1EE 271', '51595 859', '55565 342', '555E5 976', '57555 482', '58155 625', '5B555 938', '5EE1E 265', '5F551 48', '5FFFF 949', '61866 717', '61916 505', '64661 849', '65666 111', '66466 421', '6666B 197', '6666E 137', '6666F 480', '66696 66', '67177 203', '67666 662', '68666 423', '6D666 438', '73777 571', '75177 518', '77173 617', '77577 22', '77677 698', '7771D 188', '77721 853', '77747 174', '777B7 769', '7B717 44', '85555 784', '88171 975', '88288 995', '88878 18', '88883 702', '88889 937', '888D8 863', '888E8 654', '88F88 597', '89999 96', '8DDDD 101', '8E188 919', '91959 493', '9199B 705', '93991 953', '94999 306', '95555 307', '97777 776', '99192 869', '991E1 437', '9991F 865', '99959 867', '99B99 948', '9E999 573', '9F999 916', '9FF1F 284', 'B4444 533', 'B6616 184', 'B6BBB 932', 'B8888 12', 'B9BBB 195', 'BBB15 122', 'BBB7B 356', 'BBB91 189', 'BE1BB 386', 'BFF1F 223', 'D1D2D 777', 'D2222 604', 'D3D11 470', 'D5DDD 125', 'D6166 168', 'D9999 6', 'DBDDD 299', 'DDD6D 47', 'DDD9D 350', 'DDDD7 808', 'DDDDE 585', 'DEEEE 247', 'DFFFF 958', 'E1177 658', 'E3333 25', 'E4444 868', 'E4EEE 980', 'E6EE1 454', 'E81EE 351', 'E8EEE 56', 'EBBBB 366', 'EBEEE 83', 'EE1EB 785', 'EE9E1 254', 'EE9EE 831', 'EEE3E 896', 'EEEE2 664', 'EEEE7 773', 'EEFEE 579', 'F1199 621', 'F1F6F 626', 'F1F7F 874', 'F2FFF 219', 'F3FFF 216', 'F8818 757', 'F91F1 599', 'FF12F 165', 'FF1EF 182', 'FF31F 51', 'FF7FF 157', 'FFFEF 673', 'FFFF4 488', 'FFFF9 387'], 7: ['11111 440', '11222 462', '11333 176', '11777 71', '11999 549', '11FFF 855', '14144 171', '15515 281', '21111 765', '21121 726', '21222 354', '31333 681', '44414 998', '55515 592', '66116 210', '66616 479', '71777 736', '81111 610', '88188 379', '99199 69', 'BBB11 693', 'BBBB1 399', 'D1DD1 918', 'D1DDD 434', 'E11EE 611', 'E1EEE 190', 'F111F 697', 'FFFF1 738']}
248747492
